<DATE>,<TIME>,<OPEN>,<HIGH>,<LOW>,<CLOSE>,<VOL>
20160128,000000,16.8500000,17.1050000,16.0800000,16.1750000,13589111
20160129,000000,16.4950000,16.5450000,15.9700000,16.4000000,13334317
20160201,000000,16.4950000,16.6050000,16.2400000,16.3200000,11551838
20160202,000000,16.2650000,16.2650000,15.6200000,15.6850000,14625793
20160203,000000,15.5000000,15.5000000,14.6100000,14.7400000,18933947
20160204,000000,15.0500000,15.3600000,14.7100000,15.1500000,15018033
20160205,000000,15.1200000,15.5500000,14.9100000,15.2700000,12678711
20160208,000000,15.3500000,15.3700000,13.4650000,13.8200000,23026712
20160209,000000,14.1000000,14.5650000,13.0300000,13.2300000,23162437
20160210,000000,13.7900000,15.4300000,13.5000000,14.5800000,28594631
20160211,000000,14.2950000,14.2950000,13.1350000,13.6850000,25125525
20160212,000000,14.0300000,15.3850000,13.9350000,15.3000000,27750423
20160215,000000,16.0350000,16.0500000,15.0350000,15.2550000,16419538
20160216,000000,15.3700000,15.3800000,14.3100000,15.2150000,15159836
20160217,000000,15.1800000,16.2700000,15.0350000,16.1800000,14315433
20160218,000000,16.2900000,16.3000000,15.3900000,15.5100000,13556801
20160219,000000,15.4200000,15.7500000,14.9850000,15.2000000,13821323
20160222,000000,15.3150000,15.8450000,15.2700000,15.8000000,10465461
20160223,000000,15.6700000,15.8550000,15.1950000,15.2200000,11165045
20160224,000000,15.1750000,15.2700000,14.5700000,14.6450000,11340527
20160225,000000,14.8800000,15.2250000,14.7800000,15.0400000,10749157
20160226,000000,15.2450000,15.9900000,15.2250000,15.9100000,10278093
20160229,000000,15.7100000,16.0000000,15.3550000,15.9850000,8887135
20160301,000000,15.9100000,16.3600000,15.7550000,16.3400000,7741870
20160302,000000,16.5000000,17.2700000,16.4700000,17.1800000,12323679
20160303,000000,17.3100000,17.8950000,17.1300000,17.6400000,11324884
20160304,000000,17.8000000,18.0850000,17.6150000,18.0150000,12359722
20160307,000000,17.9000000,17.9950000,17.1900000,17.7400000,8598175
20160308,000000,17.4100000,17.8350000,17.1900000,17.3650000,9347803
20160309,000000,17.3000000,17.6650000,17.0550000,17.2200000,8374876
20160310,000000,17.2350000,18.6500000,17.0300000,17.0700000,24175810
20160311,000000,17.4150000,18.3800000,17.4000000,18.3400000,16219949
20160314,000000,18.6200000,18.8350000,18.3850000,18.5300000,11570038
20160315,000000,18.4000000,18.5050000,17.9050000,18.0500000,9830115
20160316,000000,18.1100000,18.1600000,16.9350000,17.2500000,17469082
20160317,000000,17.4500000,17.4900000,16.2400000,16.9000000,14282285
20160318,000000,16.9600000,17.3600000,16.5200000,17.0750000,17109312
20160321,000000,16.9450000,17.4700000,16.7450000,16.9150000,7736412
20160322,000000,16.7200000,16.7200000,16.2650000,16.7050000,9196803
20160323,000000,16.7950000,16.9300000,16.0850000,16.2250000,9909064
20160324,000000,16.0800000,16.1950000,15.5300000,15.6150000,10044510
20160329,000000,15.7200000,15.9250000,15.1550000,15.3650000,7630878
20160330,000000,15.5100000,15.7130000,15.1400000,15.1550000,10661163
20160331,000000,15.0600000,15.1500000,14.7650000,14.9500000,11298553
20160401,000000,14.7450000,15.3700000,14.6550000,14.9100000,10673076
20160404,000000,14.8650000,15.0300000,14.6250000,14.8000000,8836466
20160405,000000,14.5000000,14.5100000,14.0350000,14.0500000,10759155
20160406,000000,14.1000000,14.4550000,13.9650000,14.1650000,11964819
20160407,000000,14.2000000,14.2400000,13.6750000,13.7450000,10624174
20160408,000000,13.7200000,14.1400000,13.7200000,13.9900000,10113695
20160411,000000,14.0000000,14.3550000,13.8250000,14.0000000,10464214
20160412,000000,14.1000000,14.2050000,13.6200000,13.9800000,12398912
20160413,000000,14.2400000,15.3650000,14.2050000,15.3650000,18971770
20160414,000000,15.4000000,15.6200000,15.0800000,15.4150000,11962107
20160415,000000,15.3000000,15.3800000,15.0600000,15.3500000,6915091
20160418,000000,15.0500000,15.7000000,14.9100000,15.6250000,8646761
20160419,000000,15.7550000,16.0200000,15.5800000,15.6400000,9654122
20160420,000000,15.6250000,16.5000000,15.5300000,16.4400000,12155918
20160421,000000,16.5150000,17.0100000,16.4450000,16.7150000,11635886
20160422,000000,16.6500000,16.9600000,16.5800000,16.8000000,7476118
20160425,000000,16.8150000,16.9050000,15.9600000,16.0750000,9660822
20160426,000000,16.1300000,16.6400000,15.9900000,16.4400000,8549732
20160427,000000,16.4800000,16.8490000,16.4500000,16.7000000,8004564
20160428,000000,16.9000000,17.5400000,16.7250000,17.3600000,13557021
20160429,000000,17.1500000,17.1900000,16.4700000,16.4700000,11295492
20160502,000000,16.5700000,16.5950000,15.8400000,16.0300000,7815685
20160503,000000,15.9150000,15.9150000,15.0000000,15.0250000,12869181
20160504,000000,15.0750000,15.2950000,14.7750000,14.9450000,10468391
20160505,000000,15.0350000,15.0500000,14.5450000,14.6300000,7706744
20160506,000000,14.5100000,14.8850000,14.2350000,14.7400000,11562302
20160509,000000,14.9000000,15.1050000,14.5860000,14.6500000,7418105
20160510,000000,14.8100000,15.2900000,14.8100000,15.0050000,8338387
20160511,000000,14.9300000,15.0550000,14.5400000,14.7200000,8042755
20160512,000000,14.5950000,15.0250000,14.4500000,14.5200000,7496419
20160513,000000,14.4700000,14.8150000,14.2700000,14.6750000,7174861
20160517,000000,14.4500000,14.9650000,14.2700000,14.4100000,11593708
20160518,000000,14.3250000,14.7700000,14.1700000,14.7450000,9286197
20160519,000000,14.9500000,15.3400000,14.8400000,14.9400000,10433972
20160520,000000,15.1200000,15.2550000,14.9600000,15.1350000,7413579
20160523,000000,15.1800000,15.3350000,14.8700000,15.1600000,6764286
20160524,000000,14.9350000,15.5850000,14.8510000,15.5600000,7537505
20160525,000000,15.7500000,16.2500000,15.7300000,16.0950000,11625101
20160526,000000,16.0000000,16.3000000,15.7350000,16.1900000,8342243
20160527,000000,16.1050000,16.4300000,16.0650000,16.2850000,6691419
20160530,000000,16.3100000,16.4700000,16.3050000,16.3850000,3110048
20160531,000000,16.3750000,16.4900000,16.0250000,16.0550000,7664349
20160601,000000,15.9100000,15.9800000,15.3800000,15.6450000,9180573
20160602,000000,15.5900000,16.1200000,15.5300000,15.5950000,9065938
20160603,000000,15.7100000,15.7700000,14.9000000,15.0000000,11527619
20160606,000000,14.9800000,15.1900000,14.8000000,15.0500000,6655661
20160607,000000,15.2150000,15.6350000,15.2150000,15.2700000,10304770
20160608,000000,15.2400000,15.2600000,14.9350000,14.9950000,6690290
20160609,000000,14.9150000,14.9600000,14.6800000,14.7300000,7976621
20160610,000000,14.6200000,14.6200000,13.9700000,14.0350000,12938318
20160613,000000,13.8150000,13.8950000,13.4750000,13.5500000,12921152
20160614,000000,13.4000000,13.6200000,13.1200000,13.1600000,13674935
20160615,000000,13.3650000,13.6750000,13.1050000,13.2850000,15332415
20160616,000000,12.9500000,13.0500000,12.6850000,12.9950000,15691103
20160617,000000,13.2450000,13.8100000,13.2400000,13.6750000,21181701
20160620,000000,14.4050000,14.6250000,14.2950000,14.4800000,14635271
20160621,000000,14.5000000,14.8850000,14.4500000,14.8000000,11023316
20160622,000000,14.9100000,15.2700000,14.7300000,15.0800000,12591066
20160623,000000,15.1800000,15.7500000,15.0200000,15.5650000,16827096
20160624,000000,13.0000000,13.9450000,12.7600000,13.3650000,53702140
20160627,000000,13.3800000,13.4350000,12.0700000,12.5400000,43136435
20160628,000000,13.0250000,13.2000000,12.5750000,12.6450000,23158847
20160629,000000,12.8250000,13.0500000,12.4600000,12.6600000,16791604
20160630,000000,12.5000000,12.5400000,12.0500000,12.3250000,25962837
20160701,000000,12.4700000,12.8400000,12.2050000,12.5550000,14872772
20160704,000000,12.5000000,12.5500000,12.1200000,12.3350000,12719396
20160705,000000,12.2000000,12.4650000,12.1200000,12.2200000,13825101
20160706,000000,12.0650000,12.2650000,11.3050000,11.5400000,31522481
20160707,000000,11.6200000,11.8200000,11.3550000,11.4350000,18054124
20160708,000000,11.3800000,12.0500000,11.2150000,11.7550000,16700751
20160711,000000,11.9500000,12.0450000,11.4950000,12.0250000,12109095
20160712,000000,12.0750000,12.8050000,12.0000000,12.7850000,19239031
20160713,000000,12.8100000,13.0200000,12.5100000,12.5700000,15215685
20160714,000000,12.8050000,13.1450000,12.7450000,13.0250000,15953498
20160715,000000,13.0000000,13.3750000,12.9200000,13.0200000,14593159
20160718,000000,13.2750000,13.3750000,12.8650000,13.1200000,10430529
20160719,000000,13.1000000,13.2850000,12.5450000,12.7600000,14792804
20160720,000000,12.8150000,12.9800000,12.5400000,12.9500000,10389464
20160721,000000,12.9800000,13.4250000,12.9200000,13.1800000,15581586
20160722,000000,13.1300000,13.2500000,13.0400000,13.0850000,7186493
20160725,000000,13.1300000,13.3000000,13.0300000,13.1600000,6794538
20160726,000000,13.0050000,13.0050000,12.5450000,12.8500000,11689627
20160727,000000,12.9000000,12.9200000,12.1750000,12.4450000,21239130
20160728,000000,12.3000000,12.4000000,11.8750000,11.9100000,18532049
20160729,000000,11.8500000,12.2500000,11.8000000,12.0250000,16861911
20160801,000000,12.4500000,12.4950000,11.7200000,11.8050000,16193653
20160802,000000,11.7100000,11.7400000,11.2000000,11.2350000,19803377
20160803,000000,11.3150000,11.4200000,11.0600000,11.2000000,17392869
20160804,000000,11.4800000,11.7000000,11.3250000,11.3950000,12064273
20160805,000000,11.4400000,11.8000000,11.4000000,11.8000000,13397884
20160808,000000,11.9100000,12.2500000,11.9000000,12.1600000,12751377
20160809,000000,12.1100000,12.4000000,12.0150000,12.3750000,10578609
20160810,000000,12.2850000,12.8250000,12.2500000,12.7550000,17072888
20160811,000000,12.8050000,12.8350000,12.5100000,12.7650000,8459833
20160812,000000,12.7350000,12.8600000,12.6050000,12.7500000,6382158
20160815,000000,12.7800000,12.8550000,12.6950000,12.7600000,4310271
20160816,000000,12.6650000,12.8200000,12.5600000,12.6700000,5984943
20160817,000000,12.6700000,12.7600000,12.2350000,12.2850000,8886540
20160818,000000,12.4050000,12.4500000,12.1800000,12.3350000,6310847
20160819,000000,12.3700000,12.3850000,11.8400000,11.9500000,12498670
20160822,000000,11.9200000,12.2150000,11.8350000,11.9700000,7703961
20160823,000000,12.0500000,12.4200000,11.9700000,12.3950000,7843164
20160824,000000,12.3250000,12.8000000,12.2050000,12.6850000,9277283
20160825,000000,12.6100000,12.6700000,12.4100000,12.4950000,6188984
20160826,000000,12.5000000,12.6800000,12.3150000,12.5950000,6233582
20160829,000000,12.5150000,12.6550000,12.3800000,12.4150000,4143574
20160830,000000,12.5000000,12.8950000,12.4800000,12.8850000,8933979
20160831,000000,12.8800000,13.4300000,12.8150000,13.2100000,16511411
20160901,000000,13.3300000,13.8400000,13.0250000,13.0800000,18623545
20160902,000000,13.1550000,13.3750000,12.8270000,13.3200000,15161033
20160905,000000,13.4550000,13.4800000,13.1500000,13.2500000,8069498
20160906,000000,13.1400000,13.3300000,12.9000000,12.9000000,8932300
20160907,000000,12.8500000,13.0150000,12.5500000,12.9500000,11551356
20160908,000000,12.9450000,13.1400000,12.7150000,13.1100000,10607673
20160909,000000,13.1100000,13.8050000,12.9700000,13.6500000,21027206
20160912,000000,13.4500000,13.5550000,13.0550000,13.3000000,13667714
20160913,000000,13.3950000,13.4750000,13.0350000,13.0400000,9634627
20160914,000000,13.0400000,13.0850000,12.8000000,12.9450000,10051810
20160915,000000,12.9150000,13.1750000,12.8700000,13.1000000,8382515
20160916,000000,12.2000000,12.3600000,11.9350000,11.9900000,39766253
20160919,000000,11.9700000,12.0350000,11.6350000,11.7000000,15486921
20160920,000000,11.6200000,11.7000000,11.2500000,11.2550000,15664095
20160921,000000,11.3850000,11.4350000,11.1300000,11.2750000,15248604
20160922,000000,11.3050000,11.7460000,11.3050000,11.6400000,12366269
20160923,000000,11.5850000,11.6400000,11.3000000,11.4100000,9501405
20160926,000000,11.2650000,11.2650000,10.5400000,10.5500000,30718374
20160927,000000,10.7000000,10.7600000,10.1800000,10.5500000,29500848
20160928,000000,10.8800000,11.0100000,10.6550000,10.7650000,24355073
20160929,000000,11.0550000,11.0600000,10.7800000,10.8750000,14638061
20160930,000000,10.0500000,11.7100000,9.8980000,11.5700000,56936694
20161004,000000,11.5850000,11.9800000,11.4550000,11.7450000,27316817
20161005,000000,11.8500000,12.1000000,11.6700000,12.0700000,18733159
20161006,000000,12.2000000,12.3950000,11.9250000,12.0350000,17040991
20161007,000000,12.1050000,12.3050000,11.9600000,12.0900000,16414557
20161010,000000,12.0100000,12.5000000,11.6350000,12.5000000,24285481
20161011,000000,12.4700000,12.5650000,12.2700000,12.3050000,12075131
20161012,000000,12.3000000,12.4700000,12.1100000,12.3500000,7713192
20161013,000000,12.2550000,12.2650000,11.8350000,11.9900000,11474711
20161014,000000,12.0100000,12.4400000,11.9200000,12.2350000,12399148
20161017,000000,12.1700000,12.3850000,12.1250000,12.2200000,7920944
20161018,000000,12.3050000,12.5000000,12.2850000,12.4450000,8730075
20161019,000000,12.5500000,12.6300000,12.4150000,12.5500000,8522314
20161020,000000,12.6250000,13.0800000,12.5700000,13.0300000,18108780
20161021,000000,13.1800000,13.2600000,12.9900000,13.1200000,12505459
20161024,000000,13.1900000,13.4700000,13.1650000,13.3600000,10638992
20161025,000000,13.3950000,13.4450000,12.9200000,13.1450000,14498076
20161026,000000,13.0200000,13.3500000,13.0150000,13.2950000,10516013
20161027,000000,13.6900000,13.7400000,13.1800000,13.3750000,14925722
20161028,000000,13.2900000,13.3700000,13.2000000,13.3250000,7976667
20161031,000000,13.3250000,13.4500000,13.0600000,13.1550000,7793251
20161101,000000,13.1700000,13.2410000,12.6000000,12.6500000,10237688
20161102,000000,12.5500000,12.5800000,12.1950000,12.2950000,10831420
20161103,000000,12.2150000,12.5550000,12.1550000,12.2800000,10225152
20161104,000000,12.2800000,12.2800000,12.0000000,12.2300000,8364790
20161107,000000,12.4000000,12.8650000,12.3750000,12.8650000,10089841
20161108,000000,12.8500000,12.9400000,12.5850000,12.8950000,8439331
20161109,000000,12.3000000,13.3600000,12.2200000,13.3600000,21265098
20161110,000000,13.4800000,14.5000000,13.4200000,14.1050000,33543554
20161111,000000,14.4000000,14.7850000,14.3050000,14.7500000,24016139
20161114,000000,15.0000000,15.4700000,14.8550000,15.3050000,22928460
20161115,000000,15.4500000,15.4500000,14.8150000,15.3000000,13948023
20161116,000000,15.3100000,15.4350000,14.9600000,15.0650000,10605632
20161117,000000,14.9000000,15.1150000,14.6150000,15.0200000,11061918
20161118,000000,15.1600000,15.4000000,14.9000000,14.9600000,13921135
20161121,000000,15.1000000,15.1200000,14.8800000,15.0100000,6414466
20161122,000000,15.1800000,15.1800000,14.8400000,14.9100000,7927599
20161123,000000,14.9500000,14.9750000,14.6600000,14.9000000,6766663
20161124,000000,14.8650000,15.0100000,14.8000000,14.8500000,4212388
20161125,000000,14.8900000,14.8900000,14.5700000,14.8500000,5895736
20161128,000000,14.7500000,14.7500000,14.3550000,14.4800000,9322912
20161129,000000,14.2700000,14.7400000,14.2100000,14.6600000,13172869
20161130,000000,14.6000000,14.9750000,14.4200000,14.8600000,10056973
20161201,000000,14.7800000,15.2500000,14.7400000,15.1300000,9263256
20161202,000000,15.0800000,15.1450000,14.6250000,14.8350000,11244868
20161205,000000,15.2450000,15.3150000,15.2150000,15.2800000,3249647
20161206,000000,15.4950000,16.5000000,15.2850000,16.4900000,21525766
20161207,000000,16.9900000,17.5200000,16.8050000,17.3800000,24832391
20161208,000000,17.4700000,18.2650000,17.1800000,17.8750000,27883781
20161209,000000,17.9750000,17.9950000,17.2050000,17.3400000,16039958
20161212,000000,17.2150000,17.5150000,16.8650000,17.2500000,11993226
20161213,000000,17.2200000,17.9000000,17.0300000,17.4700000,14818142
20161214,000000,17.5000000,17.7800000,17.2450000,17.2450000,9690951
20161215,000000,17.5900000,18.2150000,17.5200000,18.1700000,22655911
20161216,000000,18.2200000,18.5200000,18.1050000,18.3250000,23652237
20161219,000000,18.0050000,18.0200000,17.4550000,17.5050000,14336081
20161220,000000,17.6000000,18.1250000,17.5300000,18.0750000,9493624
20161221,000000,18.2350000,18.4250000,17.8300000,17.9950000,11495745
20161222,000000,17.9050000,18.0900000,17.6850000,17.7500000,5004237
20161223,000000,18.4900000,18.6350000,17.8050000,17.8100000,15017642
20161227,000000,17.9050000,17.9860000,17.3850000,17.5400000,6266679
20161228,000000,17.5500000,17.6000000,17.1600000,17.5200000,7570065
20161229,000000,17.2300000,17.4050000,17.0200000,17.1100000,6213124
20161230,000000,17.1100000,17.2650000,16.8250000,17.2500000,5679822
20170102,000000,17.2000000,17.7350000,17.1450000,17.5450000,5049729
20170103,000000,17.5750000,17.8850000,17.1050000,17.7150000,13841931
20170104,000000,17.8500000,18.2850000,17.8310000,18.2600000,12878106
20170105,000000,18.4000000,18.7600000,17.9450000,18.1150000,14265331
20170106,000000,18.1250000,18.3200000,17.9700000,18.3200000,9981728
20170109,000000,18.1900000,18.3350000,17.8500000,18.1000000,8402744
20170110,000000,17.9000000,17.9500000,17.5400000,17.6600000,11501707
20170111,000000,17.6900000,18.1350000,17.6700000,18.0700000,9260354
20170112,000000,18.0300000,18.0500000,17.4150000,17.4450000,8730819
20170113,000000,17.6500000,18.2700000,17.6400000,18.1450000,12288979
20170116,000000,17.9000000,17.9650000,17.5950000,17.5950000,7803363
20170117,000000,17.6000000,17.8930000,17.3100000,17.4750000,11145705
20170118,000000,17.6600000,17.6700000,17.2400000,17.5600000,11715785
20170119,000000,17.6300000,17.9250000,17.5350000,17.7050000,11426256
20170120,000000,17.6300000,18.0800000,17.5650000,18.0600000,14306326
20170123,000000,17.8500000,18.1650000,17.6750000,17.8600000,10726244
20170124,000000,17.8900000,18.3450000,17.8900000,18.3450000,9843073
20170125,000000,18.5050000,19.4950000,18.5050000,19.4000000,19773236
20170126,000000,19.6000000,19.9700000,19.2750000,19.4400000,13755410
20170127,000000,19.5000000,19.5000000,19.0900000,19.1800000,9226275
20170130,000000,19.0000000,19.0500000,18.5600000,18.6100000,8571176
20170131,000000,18.9600000,19.1400000,18.3800000,18.3900000,12524537
20170201,000000,18.6100000,19.1800000,18.4800000,19.1800000,13356816
20170202,000000,18.6500000,18.7500000,17.8200000,18.1800000,25514449
20170203,000000,18.2600000,18.8400000,18.1450000,18.8400000,14727617
20170206,000000,18.8000000,18.8900000,18.4800000,18.4800000,12325843
20170207,000000,18.4100000,18.6050000,18.2300000,18.3100000,9778073
20170208,000000,18.4000000,18.5150000,17.6200000,17.9350000,14508738
20170209,000000,18.0550000,18.1500000,17.7450000,18.0000000,9546676
20170210,000000,18.2200000,18.2400000,17.6850000,17.8000000,8369772
20170213,000000,17.8600000,18.1850000,17.7600000,18.1300000,7407719
20170214,000000,18.1000000,18.4200000,18.0350000,18.4200000,8613611
20170215,000000,18.4800000,19.1950000,18.4600000,18.8850000,14347400
20170216,000000,18.9000000,18.9000000,18.4750000,18.5150000,7133931
20170217,000000,18.5450000,18.6150000,17.8900000,18.2000000,14613159
20170220,000000,18.4500000,18.5200000,18.2900000,18.4950000,5586978
20170221,000000,18.4800000,18.6850000,18.1600000,18.5850000,7863449
20170222,000000,18.5900000,18.8350000,18.3700000,18.5750000,6196512
20170223,000000,18.6200000,18.8750000,18.4450000,18.5550000,6992114
20170224,000000,18.5000000,18.6400000,17.9350000,18.1610000,8516440
20170227,000000,18.1000000,18.4500000,18.1000000,18.3950000,5247593
20170228,000000,18.4950000,18.7500000,18.4350000,18.6300000,6418855
20170301,000000,18.9000000,19.5790000,18.7500000,19.5200000,17483552
20170302,000000,19.6000000,19.7790000,19.3650000,19.4200000,8223660
20170303,000000,19.1450000,19.7950000,18.7000000,19.1200000,17629632
20170306,000000,17.9000000,18.2500000,17.4750000,17.6300000,31933405
20170307,000000,17.4650000,17.5450000,17.0650000,17.3400000,13747712
20170308,000000,17.3200000,17.9000000,17.2550000,17.6650000,13592931
20170309,000000,17.5100000,17.9700000,17.5050000,17.8900000,11176088
20170310,000000,18.0500000,18.4800000,18.0100000,18.3050000,14979501
20170313,000000,18.4500000,18.4600000,18.1100000,18.4000000,7397245
20170314,000000,18.3250000,18.3300000,18.0400000,18.1700000,7737767
20170315,000000,18.1900000,18.4900000,18.1600000,18.3000000,6680979
20170316,000000,18.4000000,18.5000000,18.0350000,18.1300000,10937250
20170317,000000,18.0250000,18.3250000,17.7350000,17.8000000,12971167
20170320,000000,17.5500000,17.7200000,17.0350000,17.3700000,24560614
20170321,000000,15.4550000,16.4740000,15.4200000,16.0550000,37972456
20170322,000000,15.7950000,15.9200000,15.6700000,15.7800000,15689127
20170323,000000,15.7550000,15.7650000,15.5550000,15.7450000,14803908
20170324,000000,15.7100000,15.8900000,15.4900000,15.5650000,11567668
20170327,000000,15.3650000,15.5150000,15.1150000,15.5150000,12631737
20170328,000000,15.5400000,16.0000000,15.5050000,15.9440000,13646419
20170329,000000,16.0300000,16.2800000,15.8300000,16.1550000,19128255
20170330,000000,16.1500000,16.2300000,15.7200000,16.0400000,13332259
20170331,000000,16.0400000,16.1400000,15.8100000,16.1050000,14043303
20170403,000000,15.9350000,16.0250000,15.5950000,15.7000000,17071826
20170404,000000,15.3500000,15.5950000,15.1000000,15.5600000,44748234
20170405,000000,15.7100000,15.9000000,15.5400000,15.6450000,13825808
20170406,000000,15.5000000,15.7200000,15.3150000,15.6850000,10333790
20170407,000000,15.5300000,15.8100000,15.3850000,15.5050000,12606043
20170410,000000,15.5550000,15.6400000,15.3950000,15.5700000,9317639
20170411,000000,15.5050000,15.5450000,15.1800000,15.3200000,12165996
20170412,000000,15.4000000,15.5800000,15.1700000,15.2800000,13016229
20170413,000000,15.1950000,15.2150000,15.0800000,15.1200000,2072428
20170418,000000,15.1450000,15.1700000,14.6950000,14.9800000,14954422
20170419,000000,14.9250000,15.2950000,14.9100000,15.2300000,9597273
20170420,000000,15.0500000,15.4350000,15.0000000,15.3300000,12343816
20170421,000000,15.4250000,15.6200000,15.2750000,15.5850000,13621436
20170424,000000,16.2500000,16.9000000,16.2500000,16.8900000,35974222
20170425,000000,17.0300000,17.1350000,16.7950000,16.9050000,13981357
20170426,000000,17.0250000,17.3600000,16.9600000,17.3350000,13738638
20170427,000000,16.8250000,16.9600000,16.5550000,16.7050000,16318725
20170428,000000,16.5900000,16.8050000,16.4250000,16.6050000,11733467
20170502,000000,16.6950000,16.7550000,16.5700000,16.7050000,8587168
20170503,000000,16.6800000,16.8700000,16.5650000,16.7950000,8206920
20170504,000000,16.9950000,17.2200000,16.8450000,17.1900000,10908996
20170505,000000,17.0800000,17.4650000,16.9500000,17.4250000,12832892
20170508,000000,17.6000000,17.6500000,17.1850000,17.4650000,12935713
20170509,000000,17.4400000,17.6900000,17.3450000,17.3650000,10895565
20170510,000000,17.3700000,17.6500000,17.0600000,17.4700000,15934008
20170511,000000,17.5000000,17.5950000,17.1550000,17.3150000,10492150
20170512,000000,17.2850000,17.4000000,17.0750000,17.1050000,7460212
20170515,000000,17.3800000,17.6100000,17.2900000,17.5850000,7857400
20170516,000000,17.3850000,17.6600000,17.3500000,17.3950000,8464151
20170517,000000,17.3300000,17.5100000,16.7650000,16.8890000,14832985
20170518,000000,16.9100000,17.0000000,16.4200000,16.7650000,18059821
20170519,000000,16.8300000,17.1100000,16.6300000,17.0950000,12742829
20170522,000000,17.1850000,17.3050000,16.9200000,16.9700000,6983101
20170523,000000,16.9300000,17.2650000,16.9050000,17.1150000,7328121
20170524,000000,17.1250000,17.1700000,16.8200000,16.9050000,6408492
20170525,000000,16.9800000,17.1100000,16.6750000,16.8600000,6134784
20170526,000000,16.7600000,16.8050000,16.3750000,16.5050000,10461424
20170529,000000,16.5100000,16.5340000,16.3200000,16.4050000,4157793
20170530,000000,16.3050000,16.3800000,16.0550000,16.1600000,10047269
20170531,000000,16.1050000,16.1750000,15.6400000,15.6450000,15019811
20170601,000000,15.6000000,15.6450000,15.3300000,15.5950000,12893344
20170602,000000,15.8000000,16.0500000,15.5150000,15.5550000,12494152
20170606,000000,15.3450000,15.4650000,15.2960000,15.3300000,6759938
20170607,000000,15.3000000,15.6300000,15.2250000,15.4550000,9315881
20170608,000000,15.5000000,15.7300000,15.3200000,15.5950000,11030485
20170609,000000,15.6500000,15.9000000,15.5300000,15.7900000,9435701
20170612,000000,15.8000000,15.8450000,15.4950000,15.5000000,7874356
20170613,000000,15.5700000,15.6450000,15.4900000,15.5450000,5880603
20170614,000000,15.6300000,15.6900000,15.2350000,15.3100000,11056772
20170615,000000,15.4000000,15.4350000,15.0400000,15.1400000,12029968
20170616,000000,15.1800000,15.3400000,14.8750000,15.0340000,19287855
20170619,000000,15.1200000,15.4400000,15.0900000,15.3650000,9544654
20170620,000000,15.4900000,15.6500000,15.2250000,15.2500000,9178202
20170621,000000,15.1600000,15.2800000,14.9300000,15.1800000,8732354
20170622,000000,15.1550000,15.1850000,14.8650000,15.0500000,10268732
20170623,000000,15.0350000,15.1150000,14.8750000,14.9300000,7628560
20170626,000000,14.9750000,15.1900000,14.9600000,15.0450000,7254083
20170627,000000,15.0400000,15.6000000,14.9750000,15.5350000,12907984
20170628,000000,15.5050000,15.7700000,15.3750000,15.7600000,13308006
20170629,000000,15.9650000,16.1900000,15.7900000,15.8300000,17023065
20170630,000000,15.8800000,15.9500000,15.5450000,15.5600000,9586826
20170703,000000,15.6500000,16.0950000,15.6200000,16.0850000,8200356
20170704,000000,15.9250000,16.5450000,15.8300000,16.4400000,10416425
20170705,000000,16.3550000,16.5300000,16.0650000,16.3900000,13020008
20170706,000000,16.4900000,16.7800000,16.3900000,16.6700000,13839036
20170707,000000,16.6950000,16.8250000,16.4500000,16.6600000,11426132
20170710,000000,16.8000000,16.9050000,16.5150000,16.5800000,8129863
20170711,000000,16.6550000,16.8450000,16.5350000,16.5600000,8484022
20170712,000000,16.6100000,16.7100000,16.3300000,16.4600000,12828644
20170713,000000,16.4750000,16.6500000,16.4350000,16.5150000,8196471
20170714,000000,16.5550000,16.5800000,16.2100000,16.3650000,9578827
20170717,000000,16.4700000,16.4750000,16.2650000,16.3700000,5111673
20170718,000000,16.3400000,16.3450000,15.8600000,15.9650000,10163011
20170719,000000,16.0100000,16.0350000,15.8150000,15.9050000,6592061
20170720,000000,15.9900000,16.0650000,15.7850000,15.8200000,11314070
20170721,000000,15.7950000,15.8200000,15.5200000,15.6100000,12049210
20170724,000000,15.6200000,16.0250000,15.5100000,15.9550000,9031347
20170725,000000,16.0500000,16.5000000,16.0200000,16.4400000,10950407
20170726,000000,16.3150000,16.6400000,16.3100000,16.5650000,8683002
20170727,000000,16.0000000,16.2000000,15.5000000,15.5050000,25182117
20170728,000000,15.4700000,15.6300000,15.3500000,15.4200000,14807054
20170731,000000,15.4200000,15.5350000,14.9900000,15.1050000,12606212
20170801,000000,15.1900000,15.4100000,14.9900000,15.2900000,10787930
20170802,000000,15.3650000,15.4000000,15.1000000,15.1350000,8549699
20170803,000000,15.1050000,15.3300000,15.0050000,15.2750000,8375128
20170804,000000,15.2200000,15.6500000,15.1650000,15.6200000,9711596
20170807,000000,15.6500000,15.6700000,15.4450000,15.4800000,5859531
20170808,000000,15.3650000,15.5250000,15.2300000,15.4700000,6933396
20170809,000000,15.2000000,15.2700000,14.7600000,14.8700000,16755456
20170810,000000,14.9100000,14.9200000,14.4050000,14.4100000,14930479
20170811,000000,14.3000000,14.4000000,13.9550000,14.2000000,17084155
20170814,000000,14.4900000,14.7600000,14.4500000,14.6850000,10606623
20170815,000000,14.7000000,14.7700000,14.4400000,14.6000000,7326494
20170816,000000,14.6900000,14.7750000,14.5500000,14.5800000,6455759
20170817,000000,14.5000000,14.5000000,14.0750000,14.1650000,12994589
20170818,000000,13.8800000,14.1400000,13.7550000,14.1350000,14006384
20170821,000000,14.0500000,14.1250000,13.7300000,13.7850000,10665528
20170822,000000,13.8200000,13.8900000,13.6950000,13.7550000,9581589
20170823,000000,13.8100000,14.0300000,13.6750000,13.8200000,9619840
20170824,000000,13.8450000,13.9000000,13.6900000,13.8050000,7817053
20170825,000000,13.8500000,14.0000000,13.7700000,13.8000000,6719999
20170828,000000,13.7400000,13.8250000,13.6950000,13.7300000,4089307
20170829,000000,13.6200000,13.6200000,13.2900000,13.3200000,12875585
20170830,000000,13.4900000,13.5650000,13.3450000,13.4450000,6228980
20170831,000000,13.5000000,13.6400000,13.4150000,13.4800000,7767894
20170901,000000,13.5300000,13.5950000,13.1950000,13.5350000,11482883
20170904,000000,13.4000000,13.5250000,13.3750000,13.4750000,4787100
20170905,000000,13.4950000,13.5000000,13.2050000,13.2450000,8400982
20170906,000000,13.1850000,13.4750000,13.1100000,13.3900000,9947873
20170907,000000,13.5250000,13.5900000,13.2550000,13.2900000,12203948
20170908,000000,13.2000000,13.4750000,13.1500000,13.3350000,7846424
20170911,000000,13.4950000,13.6850000,13.4700000,13.6550000,8720478
20170912,000000,13.8600000,14.2650000,13.8100000,14.1650000,15203265
20170913,000000,14.1700000,14.2850000,14.1250000,14.1900000,7327435
20170914,000000,14.0900000,14.2450000,13.9750000,14.0750000,10128749
20170915,000000,14.0000000,14.0550000,13.8250000,13.8700000,18918363
20170918,000000,13.9700000,13.9950000,13.8000000,13.8650000,7072244
20170919,000000,13.8550000,13.9100000,13.7100000,13.8200000,5698013
20170920,000000,13.7450000,13.7700000,13.5050000,13.5850000,11873214
20170921,000000,13.7800000,14.1050000,13.7600000,13.9250000,15918271
20170922,000000,13.9700000,13.9850000,13.8050000,13.9200000,7109448
20170925,000000,13.8700000,13.8950000,13.6400000,13.6800000,8462602
20170926,000000,13.5800000,13.7800000,13.5600000,13.6200000,7278092
20170927,000000,13.7000000,14.0150000,13.6850000,13.9800000,10669482
20170928,000000,14.1200000,14.6300000,14.1200000,14.3300000,17704416
20170929,000000,14.3700000,14.6400000,14.2750000,14.5850000,11778133
20171002,000000,14.7000000,14.7650000,14.3750000,14.4900000,9727552
20171004,000000,14.5100000,14.5100000,14.1550000,14.3500000,11334247
20171005,000000,14.2450000,14.6750000,14.2200000,14.6650000,9029203
20171006,000000,14.7300000,14.7700000,14.5900000,14.6900000,8878903
20171009,000000,14.7100000,14.7850000,14.4050000,14.4250000,7665959
20171010,000000,14.3900000,14.4600000,14.2300000,14.3000000,8384477
20171011,000000,14.4500000,14.4850000,14.2100000,14.2950000,7079550
20171012,000000,14.3150000,14.3200000,14.1100000,14.1800000,7472592
20171013,000000,14.1850000,14.2400000,13.9550000,14.0150000,10512810
20171016,000000,14.0850000,14.2350000,13.9850000,14.1000000,6997429
20171017,000000,14.1700000,14.3150000,14.1100000,14.2650000,6775566
20171018,000000,14.2450000,14.4100000,14.1950000,14.3600000,6135475
20171019,000000,14.4000000,14.4900000,14.1400000,14.1950000,7133502
20171020,000000,14.3000000,14.4300000,14.2450000,14.3800000,7578111
20171023,000000,14.3750000,14.4150000,14.2000000,14.2500000,7181388
20171024,000000,14.2000000,14.7450000,14.2000000,14.6350000,16714460
20171025,000000,14.6850000,14.8150000,14.4800000,14.5200000,15207912
20171026,000000,14.4500000,14.4650000,14.1050000,14.4000000,21217517
20171027,000000,14.4850000,14.5450000,14.1250000,14.2000000,15778257
20171030,000000,14.1400000,14.2000000,13.9300000,13.9600000,11476652
20171101,000000,14.0100000,14.1750000,13.8250000,14.1700000,15382096
20171102,000000,14.2000000,14.6150000,14.1750000,14.6050000,18604622
20171103,000000,14.6450000,14.7350000,14.4300000,14.4800000,16115521
20171106,000000,14.4650000,14.5150000,14.2550000,14.5000000,11354995
20171107,000000,14.6000000,14.7150000,14.4950000,14.5700000,12307752
20171108,000000,14.4600000,14.7200000,14.3200000,14.7150000,15750124
20171109,000000,14.7400000,15.0600000,14.7200000,14.9850000,19857675
20171110,000000,14.9900000,15.5300000,14.9900000,15.4300000,21400998
20171113,000000,15.4700000,15.6700000,15.2600000,15.3950000,16464311
20171114,000000,15.5400000,15.6750000,15.3400000,15.4350000,13569774
20171115,000000,15.3250000,15.8300000,14.9750000,15.7600000,27929260
20171116,000000,15.8800000,16.2200000,15.8450000,16.1500000,17610042
20171117,000000,16.2000000,16.3850000,16.0500000,16.2050000,13891337
20171120,000000,16.0300000,16.4400000,16.0100000,16.3450000,12925348
20171121,000000,16.3200000,16.4350000,16.2450000,16.2700000,12050923
20171122,000000,16.2450000,16.3100000,16.0450000,16.0550000,8536400
20171123,000000,15.9500000,16.0650000,15.8000000,15.9800000,8448487
20171124,000000,15.9850000,16.2200000,15.9600000,16.0550000,7976857
20171127,000000,16.0000000,16.1450000,15.7200000,15.7300000,8476483
20171128,000000,15.7350000,15.8100000,15.5050000,15.6950000,10080847
20171129,000000,15.9500000,16.1000000,15.8850000,16.0550000,10072855
20171130,000000,16.0500000,16.1950000,15.8900000,15.9150000,9544006
20171201,000000,15.8450000,16.0700000,15.6550000,15.7600000,11830248
20171204,000000,16.1450000,16.1950000,15.9800000,16.1100000,8160707
20171205,000000,16.1700000,16.1950000,15.8300000,15.9600000,9082940
20171206,000000,15.8000000,15.8250000,15.6550000,15.7700000,9644476
20171207,000000,15.7500000,15.9550000,15.6600000,15.9450000,7016252
20171208,000000,16.0950000,16.5750000,16.0850000,16.4700000,20761042
20171211,000000,16.5400000,16.5600000,16.3050000,16.3600000,8013583
20171212,000000,16.4300000,16.5150000,16.2200000,16.4900000,7183708
20171213,000000,16.4500000,16.5950000,16.3550000,16.5050000,7979380
20171214,000000,16.4600000,16.5650000,16.3350000,16.4250000,9536940
20171215,000000,16.3000000,16.5800000,16.1850000,16.5550000,18979339
20171218,000000,16.6450000,17.1250000,16.6000000,17.1250000,16450397
20171219,000000,17.0500000,17.1000000,16.8050000,16.8250000,9416346
20171220,000000,16.8600000,16.9500000,16.6050000,16.6350000,8237798
20171221,000000,16.6000000,16.6250000,16.3050000,16.5350000,9348282
20171222,000000,16.5000000,16.5900000,16.3150000,16.3300000,6847236
20171227,000000,16.2700000,16.3500000,16.0650000,16.0800000,5340455
20171228,000000,16.0000000,16.1200000,15.8900000,15.9200000,5112478
20171229,000000,15.9650000,15.9800000,15.8250000,15.8750000,5592819
20180102,000000,16.0340000,16.0880000,15.7800000,15.9240000,10756461
20180103,000000,16.0700000,16.0780000,15.8120000,15.9120000,13452565
20180104,000000,15.9700000,16.3580000,15.8840000,16.3100000,14148922
20180105,000000,16.4000000,16.4560000,15.4320000,15.5000000,26687308
20180108,000000,15.5000000,15.5200000,15.1060000,15.3160000,19371016
20180109,000000,15.3200000,15.3220000,15.0000000,15.1200000,14854435
20180110,000000,15.1400000,15.5580000,15.1240000,15.5480000,20024127
20180111,000000,15.5500000,15.5640000,15.2940000,15.3380000,17062102
20180112,000000,15.4700000,15.4740000,15.1240000,15.2680000,11914547
20180115,000000,15.2900000,15.3980000,15.1900000,15.3500000,6528950
20180116,000000,15.3800000,15.4200000,15.1520000,15.2060000,8439326
20180117,000000,15.1500000,15.2080000,14.9660000,15.0860000,9659979
20180118,000000,15.1500000,15.2580000,15.0260000,15.1920000,9595456
20180119,000000,15.1500000,15.3440000,15.1280000,15.3000000,10901642
20180122,000000,15.3480000,15.8320000,15.2400000,15.7740000,16860096
20180123,000000,15.8340000,16.0160000,15.7220000,15.8500000,14495046
20180124,000000,15.9440000,16.2100000,15.7840000,15.9100000,11992083
20180125,000000,15.8500000,16.0160000,15.7240000,15.8140000,11110677
20180126,000000,15.7500000,15.8800000,15.6200000,15.6780000,7353487
20180129,000000,15.7440000,15.7880000,15.4680000,15.5240000,8846965
20180130,000000,15.2700000,15.3260000,14.8000000,14.8120000,17352835
20180131,000000,14.8540000,14.9920000,14.7760000,14.7940000,12621399
20180201,000000,14.9140000,15.0400000,14.6520000,14.7640000,14298031
20180202,000000,14.1500000,14.2560000,13.7260000,13.9100000,35178848
20180205,000000,13.7500000,14.1140000,13.6200000,13.6260000,17710530
20180206,000000,13.2000000,13.4860000,13.0560000,13.1440000,27059204
20180207,000000,13.2940000,13.2940000,12.6320000,13.1220000,32001816
20180208,000000,13.1500000,13.4840000,12.7000000,12.7120000,21247411
20180209,000000,12.7700000,12.9320000,12.3700000,12.4620000,29301490
20180212,000000,12.7760000,13.2340000,12.6600000,13.0240000,24435437
20180213,000000,13.0480000,13.1400000,12.8400000,12.8520000,12255730
20180214,000000,12.9900000,13.0080000,12.7060000,12.9840000,18229154
20180215,000000,13.1000000,13.3220000,12.7960000,12.8920000,15143134
20180216,000000,12.9800000,13.0600000,12.7400000,12.9100000,13560804
20180219,000000,13.0800000,13.3240000,13.0440000,13.1800000,9906041
20180220,000000,13.2320000,13.3740000,13.1040000,13.3700000,10001946
20180221,000000,13.3680000,13.6220000,13.3040000,13.5940000,11471431
20180222,000000,13.4800000,13.6420000,13.2860000,13.4740000,9351327
20180223,000000,13.4940000,13.5100000,13.2760000,13.2880000,6054943
20180226,000000,13.3820000,13.4480000,13.2860000,13.3300000,6229375
20180227,000000,13.3220000,13.4700000,13.2660000,13.4260000,7166863
20180228,000000,13.3700000,13.4980000,13.1900000,13.2080000,6673738
20180301,000000,13.1000000,13.1380000,12.8540000,12.9380000,12678056
20180302,000000,12.7740000,12.8180000,12.5060000,12.5760000,14854877
20180305,000000,12.5000000,12.8880000,12.5000000,12.8700000,12853835
20180306,000000,12.9780000,13.0760000,12.8400000,12.8520000,10438346
20180307,000000,12.8300000,13.1720000,12.7500000,13.1720000,8640497
20180308,000000,13.1360000,13.1740000,12.8720000,13.1140000,9203528
20180309,000000,13.0720000,13.1500000,12.9740000,13.0260000,7826483
20180312,000000,13.1840000,13.2560000,12.9980000,13.0560000,7529296
20180313,000000,13.0600000,13.1900000,12.7740000,12.8020000,9616146
20180314,000000,12.8000000,12.8980000,12.6100000,12.6880000,8252896
20180315,000000,12.8780000,12.8860000,12.6500000,12.7940000,7913222
20180316,000000,12.8000000,12.9260000,12.7220000,12.8520000,13530177
20180319,000000,12.7800000,12.8780000,12.5180000,12.5520000,8706799
20180320,000000,12.6420000,12.7520000,12.6060000,12.6840000,6600601
20180321,000000,12.7500000,12.7500000,11.7760000,12.0440000,30378870
20180322,000000,11.9000000,11.9320000,11.5220000,11.6400000,21587752
20180323,000000,11.5000000,11.5060000,10.9980000,11.3100000,28416793
20180326,000000,11.3900000,11.3900000,11.0760000,11.1880000,14410742
20180327,000000,11.5000000,11.5780000,11.1980000,11.3380000,15084829
20180328,000000,11.1500000,11.2840000,11.0680000,11.1560000,14213475
20180329,000000,11.2440000,11.3900000,11.2020000,11.3600000,12586980
20180403,000000,11.1920000,11.2720000,11.0000000,11.1760000,11276741
20180404,000000,11.0800000,11.2260000,10.8240000,11.1660000,16634423
20180405,000000,11.3620000,11.7140000,11.3540000,11.6740000,14991658
20180406,000000,11.5300000,11.5500000,11.3160000,11.3500000,11252058
20180409,000000,11.8460000,11.8840000,11.4200000,11.4700000,16149426
20180410,000000,11.5500000,11.5920000,11.3160000,11.4220000,12250559
20180411,000000,11.4400000,11.6200000,11.3700000,11.4980000,10169473
20180412,000000,11.4800000,11.7120000,11.4380000,11.6560000,6873275
20180413,000000,11.7020000,11.9380000,11.6260000,11.6820000,10738484
20180416,000000,11.7580000,11.7940000,11.5600000,11.6100000,7270095
20180417,000000,11.6180000,11.7180000,11.5920000,11.6840000,7554890
20180418,000000,11.6800000,11.7820000,11.6240000,11.7360000,6045054
20180419,000000,11.6900000,11.7460000,11.5800000,11.6900000,6811381
20180420,000000,11.6420000,11.6900000,11.4700000,11.5780000,11440557
20180423,000000,11.5780000,11.7340000,11.4980000,11.7080000,7513318
20180424,000000,11.6900000,12.2080000,11.6500000,12.1900000,16965282
20180425,000000,12.0380000,12.0640000,11.7560000,12.0060000,14017441
20180426,000000,11.5800000,12.1980000,11.4820000,11.8420000,22384905
20180427,000000,11.8980000,11.8980000,11.2620000,11.3920000,20535333
20180430,000000,11.4500000,11.5240000,11.3100000,11.3480000,7462179
20180502,000000,11.3620000,11.5040000,11.3020000,11.4480000,9261958
20180503,000000,11.4000000,11.6300000,11.2840000,11.3040000,11278312
20180504,000000,11.2500000,11.5440000,11.2340000,11.5300000,8811229
20180507,000000,11.5460000,11.5660000,11.3880000,11.5280000,7155753
20180508,000000,11.5220000,11.6360000,11.3120000,11.4520000,8754285
20180509,000000,11.4100000,11.6000000,11.4100000,11.5460000,6583803
20180510,000000,11.6100000,11.6660000,11.4600000,11.6280000,4821720
20180511,000000,11.6000000,11.7100000,11.5840000,11.6440000,5981867
20180514,000000,11.6100000,11.7160000,11.4100000,11.4800000,9251934
20180515,000000,11.3740000,11.4000000,11.1820000,11.2940000,13533409
20180516,000000,11.2300000,11.2540000,10.9160000,10.9500000,17513706
20180517,000000,10.9940000,11.1120000,10.9100000,11.0240000,9467897
20180518,000000,11.0420000,11.1320000,10.8060000,10.8200000,15375787
20180522,000000,10.8220000,11.0160000,10.7860000,11.0060000,13091018
20180523,000000,11.0300000,11.0300000,10.7480000,10.8860000,15142183
20180524,000000,10.9000000,10.9940000,10.1860000,10.3600000,34088496
20180525,000000,10.4000000,10.5380000,10.2640000,10.3660000,19017335
20180528,000000,10.4980000,10.5200000,10.2460000,10.3060000,11839124
20180529,000000,10.1940000,10.2060000,9.7050000,9.9060000,33151898
20180607,000000,9.7040000,9.7080000,9.6210000,9.6400000,3514757
20180614,000000,9.6580000,9.7400000,9.6060000,9.6740000,10872856
20180615,000000,9.7300000,9.7300000,9.3120000,9.5120000,27038232
20180618,000000,9.4400000,9.6760000,9.4120000,9.4680000,12637575
20180619,000000,9.3000000,9.6400000,9.2620000,9.5830000,14596284
20180620,000000,9.6750000,9.7230000,9.5540000,9.6030000,13606494
20180621,000000,9.5850000,9.6430000,9.3270000,9.3650000,15656919
20180622,000000,9.4000000,9.5900000,9.3920000,9.5090000,8180769
20180625,000000,9.3920000,9.4110000,9.2390000,9.2610000,10526073
20180626,000000,9.2770000,9.3110000,9.1510000,9.2180000,6091248
20180627,000000,9.1900000,9.2020000,8.7550000,9.0290000,28753018
20180628,000000,9.0000000,9.1080000,8.8800000,9.0600000,14185852
20180629,000000,9.1000000,9.4530000,9.0680000,9.2150000,20765724
20180702,000000,9.0710000,9.2100000,8.9130000,9.1420000,14018946
20180703,000000,9.1510000,9.3370000,9.0570000,9.2570000,10944288
20180704,000000,9.2360000,9.3490000,9.2050000,9.3200000,7338392
20180705,000000,9.3500000,9.6920000,9.3500000,9.5430000,17087698
20180706,000000,9.5600000,10.1200000,9.5150000,9.7670000,33284661
20180709,000000,9.8540000,9.8670000,9.6580000,9.7920000,8345180
20180710,000000,9.8480000,9.8970000,9.6870000,9.7550000,12252355
20180711,000000,9.6550000,9.6670000,9.5380000,9.5740000,12187756
20180712,000000,9.6130000,9.6440000,9.4510000,9.5500000,9607675
20180713,000000,9.6000000,9.7440000,9.4570000,9.6360000,15076316
20180716,000000,9.6300000,10.4980000,9.5390000,10.2940000,37424595
20180717,000000,10.4380000,10.4840000,10.0600000,10.1560000,18425208
20180718,000000,10.2180000,10.3900000,10.0240000,10.3560000,11038645
20180719,000000,10.3440000,10.4680000,10.2480000,10.2920000,9730071
20180720,000000,10.3000000,10.3720000,10.1000000,10.2560000,13822200
20180723,000000,10.2900000,10.4220000,10.2260000,10.3640000,7575297
20180724,000000,10.4500000,10.5260000,10.3680000,10.5000000,10329405
20180725,000000,10.5120000,10.5140000,10.2200000,10.2780000,10844619
20180726,000000,10.3300000,10.5800000,10.2900000,10.5440000,11845029
20180727,000000,10.5700000,10.6560000,10.5420000,10.6380000,9520057
20180730,000000,10.6400000,10.9920000,10.6400000,10.9300000,11636725
20180731,000000,10.9920000,11.2840000,10.9860000,11.2060000,17034887
20180801,000000,11.2500000,11.2560000,10.9680000,11.1140000,9198623
20180802,000000,11.0000000,11.0020000,10.6120000,10.7340000,12546176
20180803,000000,10.7700000,10.8760000,10.6220000,10.7560000,7460708
20180806,000000,10.8800000,10.8800000,10.6960000,10.7520000,6913490
20180807,000000,10.8620000,10.9740000,10.8420000,10.9440000,7208244
20180808,000000,10.9000000,10.9640000,10.7640000,10.7780000,9583716
20180809,000000,10.7100000,10.7940000,10.6320000,10.7260000,5816609
20180810,000000,10.4800000,10.4980000,10.1320000,10.3120000,22004425
20180813,000000,9.9980000,10.2400000,9.9490000,10.1000000,15848909
20180814,000000,10.2000000,10.2920000,9.9900000,10.0380000,9902600
20180815,000000,10.1280000,10.2060000,9.7400000,9.7720000,14802433
20180816,000000,9.9500000,9.9740000,9.7970000,9.9080000,8194198
20180817,000000,9.9060000,9.9060000,9.6610000,9.7420000,10789310
20180820,000000,9.8230000,9.8960000,9.7050000,9.7720000,6568400
20180821,000000,9.7510000,9.9630000,9.7280000,9.9380000,7837365
20180822,000000,9.9200000,10.0980000,9.8950000,9.9740000,7915478
20180823,000000,9.9230000,9.9570000,9.7240000,9.8510000,7546437
20180824,000000,9.8350000,9.9630000,9.7650000,9.8040000,5783998
20180827,000000,9.8840000,10.0460000,9.7970000,10.0380000,6367159
20180828,000000,10.0500000,10.1000000,9.8810000,9.8900000,7531186
20180829,000000,9.8820000,9.9910000,9.8170000,9.9870000,6991012
20180830,000000,9.9470000,9.9640000,9.7680000,9.8150000,7853132
20180831,000000,9.7600000,9.7800000,9.6180000,9.6760000,7972785
20180903,000000,9.6800000,9.7810000,9.6580000,9.7810000,7269455
20180904,000000,9.8270000,9.9330000,9.6990000,9.8380000,10236214
20180905,000000,9.8200000,10.0800000,9.7980000,9.8700000,12413576
20180906,000000,9.8420000,9.9400000,9.7470000,9.7660000,9753962
20180907,000000,9.7580000,9.8130000,9.4530000,9.6260000,16271320
20180910,000000,9.6040000,9.7200000,9.5240000,9.5810000,9617448
20180911,000000,9.5980000,9.6860000,9.4620000,9.6280000,13420340
20180912,000000,9.6850000,9.6900000,9.4540000,9.5370000,9732389
20180913,000000,9.5620000,9.8460000,9.5410000,9.7100000,12295290
20180914,000000,9.7910000,9.8370000,9.6200000,9.7970000,10147539
20180917,000000,9.7400000,9.8860000,9.7150000,9.8800000,7461916
20180918,000000,9.8780000,9.9620000,9.7920000,9.9110000,7399749
20180919,000000,9.9390000,10.2140000,9.9260000,10.1940000,12629188
20180920,000000,10.2000000,10.4440000,10.1920000,10.3920000,13227991
20180921,000000,10.4680000,10.6260000,10.3400000,10.5300000,22618743
20180924,000000,10.4900000,10.6080000,10.3960000,10.4620000,9689073
20180925,000000,10.4420000,10.5680000,10.3680000,10.3880000,7537297
20180926,000000,10.3800000,10.3800000,10.1860000,10.2400000,6413325
20180927,000000,10.1320000,10.2440000,10.0200000,10.1900000,8818815
20180928,000000,10.1040000,10.1180000,9.7260000,9.8400000,16898603
20181001,000000,9.7850000,9.8460000,9.6740000,9.7080000,9438207
20181002,000000,9.6880000,9.7300000,9.5020000,9.5860000,11098838
20181004,000000,9.7020000,9.8840000,9.6470000,9.7530000,12214253
20181005,000000,9.7610000,9.9380000,9.6930000,9.7130000,10035974
20181008,000000,9.6630000,9.6710000,9.4670000,9.5440000,9004846
20181009,000000,9.6100000,9.6440000,9.4220000,9.6160000,7612131
20181010,000000,9.5910000,9.8370000,9.5330000,9.6330000,9600828
20181011,000000,9.4200000,9.6500000,9.3710000,9.4600000,14029332
20181012,000000,9.5420000,9.6080000,9.3390000,9.3840000,8099046
20181015,000000,9.3700000,9.5520000,9.3420000,9.5250000,6692238
20181016,000000,9.5550000,9.6780000,9.5340000,9.6550000,8172855
20181017,000000,9.6800000,9.8340000,9.6700000,9.7900000,8911293
20181018,000000,9.8200000,9.9710000,9.5920000,9.6030000,8867361
20181019,000000,9.6000000,9.6000000,9.4010000,9.4780000,13772284
20181022,000000,9.6070000,9.6900000,9.3700000,9.3890000,8389067
20181023,000000,9.3100000,9.3990000,9.2040000,9.3500000,10218535
20181024,000000,9.3070000,9.3080000,8.8310000,8.8370000,21659310
20181025,000000,8.7630000,8.9680000,8.6360000,8.8180000,16856983
20181026,000000,8.7110000,8.7140000,8.4190000,8.5000000,16349039
20181029,000000,8.5340000,8.7070000,8.5200000,8.5740000,9365631
20181030,000000,8.6410000,8.7010000,8.5090000,8.5920000,8801293
20181031,000000,8.7300000,8.7460000,8.6010000,8.6650000,8158743
20181101,000000,8.6400000,8.9990000,8.5820000,8.9130000,15957488
20181102,000000,9.0900000,9.2690000,9.0670000,9.2140000,15931386
20181105,000000,9.2110000,9.2570000,9.0840000,9.1810000,6554862
20181106,000000,9.2010000,9.2080000,9.0040000,9.0660000,6375617
20181107,000000,9.1290000,9.2990000,9.1280000,9.1910000,8431788
20181108,000000,9.2100000,9.3670000,9.1270000,9.1270000,8578077
20181109,000000,9.0820000,9.0960000,8.8820000,8.9660000,9910179
20181112,000000,8.9810000,9.0290000,8.6540000,8.6830000,8418761
20181113,000000,8.6820000,8.8340000,8.6220000,8.8170000,7697070
20181114,000000,8.7420000,8.8860000,8.6230000,8.7340000,6530391
20181115,000000,8.7500000,8.8460000,8.5330000,8.6070000,9249838
20181116,000000,8.6780000,8.7220000,8.5180000,8.6110000,9420529
20181119,000000,8.6040000,8.7340000,8.5060000,8.5700000,6843813
20181120,000000,8.5000000,8.5100000,8.0540000,8.1750000,21181665
20181121,000000,8.2210000,8.3290000,8.1420000,8.3180000,8509452
20181122,000000,8.2740000,8.3090000,8.1360000,8.2470000,6361632
20181123,000000,8.2070000,8.3040000,8.1380000,8.1780000,7196345
20181126,000000,8.2500000,8.5710000,8.2500000,8.5610000,9970055
20181127,000000,8.5950000,8.7170000,8.5300000,8.6680000,6627551
20181128,000000,8.6990000,8.7520000,8.5440000,8.5780000,6256975
20181129,000000,8.6450000,8.7230000,8.1720000,8.2900000,18397220
20181130,000000,8.2800000,8.2800000,7.9930000,8.0420000,15311779
20181203,000000,8.2990000,8.4130000,8.2020000,8.3050000,10028269
20181204,000000,8.2650000,8.2990000,8.0500000,8.0780000,7673419
20181205,000000,8.0000000,8.1630000,7.8690000,8.0750000,10639438
20181206,000000,7.9210000,7.9400000,7.6700000,7.6760000,19552454
20181207,000000,7.7810000,7.8780000,7.7040000,7.7330000,10757084
20181210,000000,7.7030000,7.7900000,7.2400000,7.2740000,17843965
20181211,000000,7.3710000,7.5670000,7.2720000,7.4620000,11631871
20181212,000000,7.4760000,7.9120000,7.3920000,7.8890000,18058684
20181213,000000,8.0010000,8.2240000,7.7710000,7.8340000,14341985
20181214,000000,7.7400000,7.8660000,7.5720000,7.8410000,8219155
20181217,000000,7.8230000,7.8890000,7.6030000,7.6790000,9012160
20181218,000000,7.6170000,7.7660000,7.5830000,7.6520000,8596718
20181219,000000,7.7010000,7.7850000,7.5150000,7.5440000,8354685
20181220,000000,7.4000000,7.4000000,6.9940000,7.0130000,21526583
20181221,000000,7.0000000,7.1000000,6.8420000,7.0390000,23029239
20181227,000000,7.1000000,7.1300000,6.6780000,6.7540000,14225712
20181228,000000,6.8100000,7.0090000,6.7810000,6.9670000,9307414
20190102,000000,7.0700000,7.1850000,6.8360000,7.1480000,14003389
20190103,000000,7.0690000,7.2890000,7.0260000,7.1180000,10429882
20190104,000000,7.2000000,7.4500000,7.1700000,7.4100000,11806909
20190107,000000,7.5070000,7.5930000,7.4050000,7.5460000,9682758
20190108,000000,7.5960000,7.7990000,7.5710000,7.6380000,12527714
20190109,000000,7.6600000,7.6980000,7.3600000,7.4440000,13153501
20190110,000000,7.2800000,7.4850000,7.1500000,7.4600000,10572634
20190111,000000,7.4840000,7.5740000,7.3210000,7.4500000,11222126
20190114,000000,7.3850000,7.5120000,7.3130000,7.4640000,9991417
20190115,000000,7.5660000,7.7100000,7.3400000,7.4760000,12754899
20190116,000000,7.5380000,8.1450000,7.5380000,8.1050000,16900004
20190117,000000,7.9350000,8.0840000,7.7420000,7.7980000,18298601
20190118,000000,7.8970000,8.0430000,7.8810000,7.9870000,16334123
20190121,000000,7.9540000,8.0260000,7.8860000,7.9820000,6134955
20190122,000000,7.8300000,7.8910000,7.6740000,7.8710000,9684452
20190123,000000,7.7450000,8.0430000,7.7100000,7.9750000,10207791
20190124,000000,7.9500000,8.0470000,7.6130000,7.7970000,13379574
20190125,000000,7.9100000,8.1480000,7.8560000,8.1280000,12152680
20190128,000000,8.1680000,8.3200000,8.0440000,8.0790000,9691348
20190129,000000,8.0910000,8.1910000,8.0140000,8.1330000,7433069
20190130,000000,8.0900000,8.1200000,7.9560000,8.0470000,7912203
20190131,000000,8.1020000,8.2090000,7.6390000,7.7460000,20578261
20190201,000000,7.8000000,7.8380000,7.4100000,7.7150000,19324925
20190204,000000,7.7220000,7.8610000,7.5450000,7.6350000,10302533
20190205,000000,7.6200000,7.8150000,7.5880000,7.7860000,8236634
20190206,000000,7.7600000,7.9080000,7.6300000,7.9000000,8815026
20190207,000000,7.8700000,7.9470000,7.3360000,7.3900000,16788179
20190208,000000,7.3500000,7.3750000,7.0970000,7.2070000,13973319
20190211,000000,7.2520000,7.4380000,7.2020000,7.3850000,8646205
20190212,000000,7.4640000,7.5730000,7.4510000,7.5290000,7641070
20190213,000000,7.5270000,7.6380000,7.4440000,7.5800000,7268910
20190214,000000,7.6200000,7.6600000,7.3300000,7.3910000,9268530
20190215,000000,7.3200000,7.7960000,7.2780000,7.7530000,12883648
20190218,000000,7.6990000,7.7990000,7.6740000,7.7470000,5236294
20190219,000000,7.7760000,7.7820000,7.4100000,7.5710000,8535452
20190220,000000,7.6000000,7.6830000,7.5440000,7.6770000,6300262
20190221,000000,7.6930000,7.7530000,7.5700000,7.6720000,8061052
20190222,000000,7.6170000,7.7820000,7.6100000,7.6300000,7654678
20190225,000000,7.6800000,7.8160000,7.6740000,7.7420000,7060758
20190226,000000,7.6810000,7.8920000,7.5710000,7.8430000,8280036
20190227,000000,7.7750000,7.9910000,7.7340000,7.9720000,13355815
20190228,000000,7.9260000,8.2400000,7.8530000,8.1760000,13441792
20190301,000000,8.2300000,8.2970000,8.1700000,8.1710000,9874768
20190304,000000,8.2380000,8.2800000,8.1240000,8.1350000,5578148
20190305,000000,8.0510000,8.2110000,7.9700000,8.0590000,8559878
20190306,000000,8.0380000,8.2490000,8.0100000,8.1690000,8546290
20190307,000000,8.1140000,8.1900000,7.6830000,7.7490000,17062174
20190308,000000,7.7000000,7.7460000,7.5970000,7.6960000,11369129
20190311,000000,7.7100000,8.1310000,7.6500000,8.0400000,14849430
20190312,000000,8.1500000,8.2050000,7.7980000,7.8810000,12462452
20190313,000000,7.8460000,7.9940000,7.8150000,7.9570000,5629482
20190314,000000,7.9900000,8.0300000,7.8590000,7.8890000,7252387
20190315,000000,7.9270000,7.9300000,7.7540000,7.8100000,12866694
20190318,000000,8.0000000,8.2330000,8.0000000,8.1750000,20794320
20190319,000000,8.0400000,8.0730000,7.8300000,8.0080000,11406036
20190320,000000,7.9500000,8.0030000,7.7500000,7.7890000,11214231
20190321,000000,7.6500000,7.6510000,7.4060000,7.4290000,15246713
20190322,000000,7.5760000,7.6780000,7.2550000,7.2800000,15150490
20190325,000000,7.2500000,7.3500000,7.1340000,7.2330000,10163495
20190326,000000,7.2200000,7.3630000,7.1210000,7.3080000,10027925
20190327,000000,7.3300000,7.6830000,7.2730000,7.5160000,14967645
20190328,000000,7.4560000,7.5000000,7.1660000,7.2570000,14548413
20190329,000000,7.2500000,7.3430000,7.1950000,7.2390000,8627491
20190401,000000,7.3390000,7.5580000,7.2660000,7.5340000,11458540
20190402,000000,7.5700000,7.6560000,7.4880000,7.6040000,7765542
20190403,000000,7.6620000,7.7410000,7.6030000,7.6630000,11318639
20190404,000000,7.5900000,7.6350000,7.4470000,7.5750000,14303222
20190405,000000,7.5590000,7.6380000,7.4920000,7.4950000,10431237
20190408,000000,7.4570000,7.5100000,7.3190000,7.3270000,9760373
20190409,000000,7.3300000,7.4730000,7.2850000,7.3200000,7337619
20190410,000000,7.3080000,7.4310000,7.2150000,7.2440000,8833658
20190411,000000,7.2840000,7.5490000,7.1530000,7.4870000,12983255
20190412,000000,7.4260000,7.7600000,7.3670000,7.6110000,15654582
20190415,000000,7.6000000,7.7750000,7.5830000,7.6630000,7141488
20190416,000000,7.6500000,7.8080000,7.5840000,7.7510000,7669545
20190417,000000,7.8390000,7.9350000,7.7910000,7.8560000,10046459
20190418,000000,7.8500000,7.8700000,7.6430000,7.7870000,12391575
20190423,000000,7.7600000,7.7760000,7.6300000,7.6530000,8790336
20190424,000000,7.5600000,7.7130000,7.5310000,7.5850000,9770917
20190425,000000,7.6090000,7.9570000,7.3620000,7.4540000,25510349
20190426,000000,7.4300000,7.4420000,7.1730000,7.3230000,21745530
20190429,000000,7.2800000,7.3800000,7.2000000,7.3700000,12953595
20190430,000000,7.3550000,7.4510000,7.2920000,7.3850000,7536691
20190502,000000,7.3430000,7.5910000,7.2800000,7.3610000,11823495
20190503,000000,7.3660000,7.4370000,7.2600000,7.3260000,7302154
20190506,000000,7.2000000,7.2460000,7.1090000,7.2050000,10584784
20190507,000000,7.1500000,7.2040000,7.0100000,7.0170000,12523788
20190508,000000,7.0010000,7.0880000,6.9100000,7.0680000,11773992
20190509,000000,7.0310000,7.0310000,6.8010000,6.8240000,13854214
20190510,000000,6.9600000,7.0200000,6.8800000,6.9650000,10771872
20190513,000000,6.9360000,6.9540000,6.7880000,6.8130000,10143734
20190514,000000,6.8420000,6.8820000,6.7740000,6.8770000,8276399
20190515,000000,6.9200000,6.9380000,6.7020000,6.8500000,13633025
20190516,000000,6.8110000,6.9090000,6.7510000,6.8920000,9629169
20190517,000000,6.8450000,6.8690000,6.7300000,6.8440000,11670389
20190520,000000,6.7400000,6.7980000,6.6070000,6.6240000,12946244
20190521,000000,6.6500000,6.7340000,6.5810000,6.7080000,11805070
20190522,000000,6.7000000,6.7290000,6.5820000,6.6300000,10740724
20190523,000000,6.5340000,6.5360000,6.3500000,6.4480000,18700544
20190524,000000,6.4450000,6.4600000,6.3100000,6.3830000,10940996
20190527,000000,6.4730000,6.5130000,6.3630000,6.4520000,8182944
20190528,000000,6.4000000,6.4600000,6.2800000,6.3050000,14662116
20190529,000000,6.1850000,6.2020000,6.1230000,6.1550000,9778422
20190530,000000,6.2290000,6.2850000,6.1250000,6.2080000,8539135
20190531,000000,6.1450000,6.1500000,6.0250000,6.0720000,12437927
20190603,000000,6.0000000,6.0100000,5.8010000,5.9810000,19244050
20190604,000000,5.9500000,6.2400000,5.9400000,6.2350000,15265265
20190605,000000,6.2500000,6.2830000,6.0820000,6.1550000,9967015
20190606,000000,6.1230000,6.2040000,5.8630000,5.9520000,17870820
20190607,000000,5.9820000,6.0280000,5.9270000,5.9660000,9067413
20190611,000000,6.0220000,6.2070000,5.9900000,6.1900000,11427924
20190612,000000,6.1000000,6.1360000,6.0150000,6.1340000,9947790
20190613,000000,6.1120000,6.1730000,6.0520000,6.1090000,8624281
20190614,000000,6.0640000,6.0810000,5.9790000,6.0260000,7655736
20190617,000000,6.1110000,6.2830000,6.0880000,6.1180000,12534364
20190618,000000,6.0730000,6.3610000,5.9990000,6.3350000,18958077
20190619,000000,6.3760000,6.5040000,6.3520000,6.4890000,12901345
20190620,000000,6.4600000,6.4860000,6.3000000,6.3080000,11278073
20190621,000000,6.2600000,6.4810000,6.2550000,6.3280000,19617607
20190624,000000,6.3240000,6.4320000,6.2280000,6.2730000,8853697
20190625,000000,6.2340000,6.2920000,6.1870000,6.2520000,5895084
20190626,000000,6.2600000,6.4960000,6.2480000,6.4870000,12549648
20190627,000000,6.4980000,6.6760000,6.4850000,6.5850000,10500978
20190628,000000,6.8220000,6.8800000,6.7240000,6.7870000,16376127
20190701,000000,6.9220000,7.0200000,6.7400000,6.7600000,13290644
20190702,000000,6.7800000,6.8370000,6.6270000,6.7630000,7939495
20190703,000000,6.7100000,6.9390000,6.6430000,6.9320000,12319569
20190704,000000,6.8960000,7.0180000,6.8800000,7.0020000,8768579
20190705,000000,7.0200000,7.3830000,6.9650000,7.1760000,19549074
20190708,000000,7.4210000,7.4900000,6.6550000,6.7950000,38192169
20190709,000000,6.6510000,6.7160000,6.3470000,6.5080000,23344482
20190710,000000,6.5000000,6.7060000,6.4990000,6.5300000,15611418
20190711,000000,6.5010000,6.6050000,6.4300000,6.5930000,11775650
20190712,000000,6.6500000,6.7920000,6.6500000,6.7450000,12987635
20190715,000000,6.7940000,6.9430000,6.7450000,6.9050000,12255176
20190716,000000,6.8820000,7.2500000,6.8820000,7.1820000,14808831
20190717,000000,7.1500000,7.2070000,7.0200000,7.0250000,10360414
20190718,000000,6.9500000,7.0780000,6.9120000,6.9880000,9748221
20190719,000000,7.0590000,7.0740000,6.8110000,6.8770000,11594266
20190722,000000,6.9000000,7.0210000,6.8300000,6.9350000,7427501
20190723,000000,7.0000000,7.1610000,6.9820000,7.1270000,9211861
20190724,000000,6.9290000,7.0000000,6.7200000,6.9880000,20507449
20190725,000000,7.0300000,7.3930000,6.9500000,7.1290000,26815845
20190726,000000,7.0520000,7.1650000,6.9520000,7.1270000,13617171
20190729,000000,7.0900000,7.1310000,7.0280000,7.0890000,6166734
20190730,000000,7.0120000,7.0450000,6.8150000,6.9100000,16483852
20190731,000000,6.9400000,7.1910000,6.9320000,7.0510000,16705963
20190801,000000,7.0430000,7.1700000,7.0250000,7.0820000,10963235
20190802,000000,6.8440000,7.0500000,6.8100000,7.0500000,19752457
20190805,000000,6.9710000,7.0220000,6.8560000,6.8990000,16442884
20190806,000000,6.9020000,6.9160000,6.7130000,6.7260000,12231391
20190807,000000,6.7990000,6.8310000,6.5380000,6.6080000,16546425
20190808,000000,6.7190000,6.8520000,6.5680000,6.8390000,12210485
20190809,000000,6.7710000,6.9510000,6.6750000,6.6870000,13369244
20190812,000000,6.7580000,6.7640000,6.2900000,6.3110000,13936934
20190813,000000,6.2100000,6.4520000,6.0880000,6.3790000,20888947
20190814,000000,6.3640000,6.3640000,6.0380000,6.0510000,17645287
20190815,000000,6.0800000,6.0830000,5.8080000,5.8820000,21353079
20190816,000000,5.8770000,6.1670000,5.7770000,6.1530000,31913913
20190819,000000,6.3420000,6.4280000,6.2810000,6.3310000,14156273
20190820,000000,6.3860000,6.3860000,6.2300000,6.2950000,9881830
20190821,000000,6.3100000,6.4310000,6.2940000,6.3430000,8001656
20190822,000000,6.2900000,6.5260000,6.2620000,6.4650000,9918698
20190823,000000,6.5100000,6.5500000,6.3620000,6.3770000,11867110
20190826,000000,6.3200000,6.4030000,6.3070000,6.3360000,7214912
20190827,000000,6.3300000,6.4820000,6.2900000,6.4340000,6860552
20190828,000000,6.4680000,6.4680000,6.3380000,6.4580000,5883880
20190829,000000,6.4450000,6.5990000,6.4020000,6.5520000,9960641
20190830,000000,6.6000000,6.6260000,6.5510000,6.5600000,8413743
20190902,000000,6.5630000,6.6790000,6.5300000,6.6530000,5396910
20190903,000000,6.6450000,6.6840000,6.5530000,6.6180000,8671780
20190904,000000,6.7000000,6.8070000,6.6850000,6.7390000,8449420
20190905,000000,6.8500000,7.0710000,6.7680000,7.0670000,13760303
20190906,000000,7.0500000,7.1550000,6.9480000,7.1130000,14389214
20190909,000000,7.1600000,7.3360000,7.1600000,7.3320000,13355800
20190910,000000,7.2920000,7.5050000,7.2800000,7.4550000,19262491
20190911,000000,7.5000000,7.5990000,7.2850000,7.4860000,17596495
20190912,000000,7.5250000,7.7460000,7.1430000,7.4200000,27546306
20190913,000000,7.4460000,7.6940000,7.4400000,7.6900000,16137538
20190916,000000,7.5300000,7.5660000,7.3920000,7.4950000,12203837
20190917,000000,7.4590000,7.4710000,7.2540000,7.3330000,10929802
20190918,000000,7.3500000,7.3500000,7.2370000,7.2420000,6896880
20190919,000000,7.2610000,7.4100000,7.2280000,7.3600000,9187264
20190920,000000,7.3400000,7.4260000,7.2820000,7.2820000,13051626
20190923,000000,7.2700000,7.2880000,7.0000000,7.0520000,11963358
20190924,000000,7.0750000,7.1340000,6.9100000,6.9190000,7456746
20190925,000000,6.8800000,6.9540000,6.6960000,6.9500000,13935926
20190926,000000,6.9600000,6.9600000,6.7940000,6.8140000,7512901
20190927,000000,6.8000000,6.9550000,6.7720000,6.9160000,7697634
20190930,000000,6.9370000,6.9870000,6.8300000,6.8810000,5954487
20191001,000000,6.9090000,6.9650000,6.6350000,6.6740000,10486688
20191002,000000,6.6500000,6.7200000,6.5600000,6.5780000,12055971
20191004,000000,6.5200000,6.5310000,6.3690000,6.4700000,13850824
20191007,000000,6.4890000,6.4890000,6.3480000,6.4560000,8403592
20191008,000000,6.5150000,6.5290000,6.2050000,6.3200000,10892954
20191009,000000,6.3000000,6.3750000,6.2560000,6.2830000,6750779
20191010,000000,6.3010000,6.4710000,6.2620000,6.4450000,9702979
20191011,000000,6.5400000,6.7770000,6.5030000,6.7700000,11681875
20191014,000000,6.7700000,6.8820000,6.6810000,6.8520000,8965281
20191015,000000,6.9000000,7.0770000,6.8180000,7.0290000,11776522
20191016,000000,7.0210000,7.1990000,6.9180000,7.1170000,15493954
20191017,000000,7.0820000,7.2420000,7.0530000,7.1420000,15669666
20191018,000000,7.1290000,7.2320000,7.0520000,7.0910000,11500143
20191021,000000,7.0980000,7.3230000,7.0920000,7.3070000,13462031
20191022,000000,7.3150000,7.3730000,7.1620000,7.1960000,10187805
20191023,000000,7.1000000,7.1950000,7.0550000,7.1930000,7426620
20191024,000000,7.2020000,7.2540000,7.0600000,7.0830000,9793852
20191025,000000,7.0660000,7.1830000,7.0660000,7.1790000,5922785
20191028,000000,7.1820000,7.2720000,7.1620000,7.2370000,9179524
20191029,000000,7.2490000,7.2910000,7.1360000,7.2150000,6856766
20191030,000000,7.1460000,7.1540000,6.5790000,6.6590000,30945503
20191031,000000,6.6200000,6.6430000,6.4530000,6.5010000,16048890
20191101,000000,6.5330000,6.6320000,6.4420000,6.5870000,9004702
20191104,000000,6.6890000,6.8680000,6.6600000,6.8150000,12544751
20191105,000000,6.8920000,6.9870000,6.8500000,6.9230000,12173544
20191106,000000,6.9000000,7.1380000,6.8800000,6.9270000,15964648
20191107,000000,7.0000000,7.0970000,6.9200000,7.0330000,12703358
20191108,000000,7.0260000,7.0290000,6.8710000,6.9220000,11273341
20191111,000000,6.8900000,6.9060000,6.7490000,6.8810000,9923592
20191112,000000,6.8870000,7.0280000,6.8870000,6.9680000,9258543
20191113,000000,6.9230000,6.9280000,6.6530000,6.6690000,14894376
20191114,000000,6.6500000,6.6570000,6.5080000,6.5650000,9858332
20191115,000000,6.6000000,6.6500000,6.5150000,6.5910000,9545845
20191118,000000,6.5600000,6.7010000,6.5400000,6.6210000,7904879
20191119,000000,6.6730000,6.7520000,6.5660000,6.5900000,8519277
20191120,000000,6.5120000,6.6100000,6.4260000,6.5970000,9154727
20191121,000000,6.5200000,6.6630000,6.4840000,6.6480000,7300963
20191122,000000,6.6740000,6.8080000,6.6000000,6.6770000,11409395
20191125,000000,6.7500000,6.8200000,6.6520000,6.6680000,7484250
20191126,000000,6.6740000,6.7370000,6.6090000,6.6240000,5902033
20191127,000000,6.6130000,6.7250000,6.5650000,6.6790000,9743238
20191128,000000,6.6670000,6.6670000,6.5850000,6.6190000,3893381
20191129,000000,6.5900000,6.6130000,6.5400000,6.5580000,6350804
20191202,000000,6.5650000,6.6270000,6.4630000,6.4640000,11166481
20191203,000000,6.4830000,6.5140000,6.3310000,6.3400000,11018333
20191204,000000,6.3110000,6.4580000,6.2800000,6.4550000,10205928
20191205,000000,6.4800000,6.5760000,6.4490000,6.4760000,6789818
20191206,000000,6.4650000,6.5540000,6.4150000,6.5300000,6687578
20191209,000000,6.5240000,6.6880000,6.5160000,6.5500000,8184341
20191210,000000,6.6010000,6.6520000,6.4190000,6.4850000,11800751
20191211,000000,6.4810000,6.6050000,6.4710000,6.5670000,7404215
20191216,000000,6.8000000,6.9550000,6.7500000,6.9510000,11453486
20191217,000000,6.9180000,6.9900000,6.8720000,6.9850000,7553023
20191218,000000,6.9750000,7.0790000,6.9480000,7.0160000,7815262
20191219,000000,6.9990000,7.0970000,6.9590000,7.0950000,9295363
20191220,000000,7.0820000,7.1380000,6.9640000,7.0730000,21150268
20191223,000000,7.0360000,7.0360000,6.9060000,6.9060000,7771881
20191227,000000,6.8920000,6.9800000,6.8620000,6.9050000,6799267
20191230,000000,6.8820000,6.9550000,6.8780000,6.9170000,5349478
20200102,000000,6.9870000,7.3360000,6.9750000,7.3360000,19572491
20200103,000000,7.3060000,7.3580000,7.1740000,7.2490000,11600909
20200106,000000,7.1890000,7.1940000,7.0050000,7.1770000,12109748
20200107,000000,7.2310000,7.4420000,7.2260000,7.4300000,12964935
20200108,000000,7.3640000,7.6750000,7.3040000,7.6640000,18508210
20200109,000000,7.7980000,7.8800000,7.6840000,7.7290000,15719684
20200110,000000,7.7820000,7.7820000,7.6390000,7.7110000,11488859
20200113,000000,7.7210000,7.7400000,7.5420000,7.5970000,9669144
20200114,000000,7.5890000,7.7410000,7.4960000,7.7320000,12400413
20200115,000000,7.7290000,7.7540000,7.5630000,7.5820000,9624816
20200116,000000,7.6720000,7.6880000,7.5160000,7.6390000,10954828
20200117,000000,7.6800000,7.7060000,7.5750000,7.6090000,9959559
20200120,000000,7.5600000,7.5750000,7.4060000,7.4580000,7213307
20200121,000000,7.3900000,7.5540000,7.2930000,7.4940000,9198089
20200122,000000,7.5380000,7.5690000,7.4560000,7.5580000,9156719
20200123,000000,7.5340000,7.7500000,7.5030000,7.6770000,19368182
20200124,000000,7.7500000,7.8900000,7.7350000,7.8130000,16322439
20200127,000000,7.6560000,7.7700000,7.6280000,7.7510000,14448429
20200128,000000,7.8100000,7.8910000,7.6970000,7.8600000,13621613
20200129,000000,7.8700000,7.9940000,7.8250000,7.9920000,13158953
20200130,000000,7.7600000,8.3350000,7.7430000,8.2910000,25865522
20200131,000000,8.4200000,8.6500000,8.2170000,8.3040000,24121011
20200203,000000,8.2990000,8.3360000,8.1260000,8.1310000,13764268
20200204,000000,8.1750000,8.2500000,8.1280000,8.1440000,11503959
20200205,000000,8.1500000,8.3030000,8.0950000,8.2550000,12377953
20200206,000000,8.3500000,9.4100000,8.3500000,9.2960000,45257898
20200207,000000,9.3490000,9.5620000,9.2000000,9.5590000,22178747
20200210,000000,9.5000000,9.5800000,9.3300000,9.4030000,14048227
20200211,000000,9.4410000,9.7640000,9.3490000,9.6800000,16701795
20200212,000000,9.7180000,10.0040000,9.7180000,9.9900000,17631047
20200213,000000,9.9310000,10.2480000,9.8320000,10.2380000,20444269
20200214,000000,10.2080000,10.3700000,10.1780000,10.1840000,13764848
20200217,000000,10.1820000,10.2560000,10.0940000,10.2400000,10524728
20200218,000000,10.1300000,10.2420000,9.9140000,9.9300000,17117543
20200219,000000,9.9490000,10.0740000,9.6410000,9.9190000,17913331
20200220,000000,9.9320000,10.0260000,9.8280000,9.8920000,11025975
20200221,000000,9.7600000,9.8680000,9.4000000,9.4780000,19442255
20200224,000000,8.9990000,9.1270000,8.8550000,8.9340000,28117066
20200226,000000,8.6000000,8.9680000,8.4640000,8.8450000,23955122
20200227,000000,8.6020000,8.7700000,8.0760000,8.2810000,28948427
20200228,000000,7.8880000,8.1210000,7.7080000,7.8530000,36677195
20200302,000000,8.0000000,8.0250000,7.3860000,7.5810000,35522907
20200303,000000,7.7460000,7.8540000,7.2840000,7.2990000,27394322
20200304,000000,7.4370000,7.4540000,7.1620000,7.2550000,20959577
20200305,000000,7.3000000,7.3400000,6.9420000,7.0620000,28422630
20200306,000000,6.8170000,6.8910000,6.6530000,6.7960000,28803860
20200309,000000,5.9600000,6.2220000,5.6100000,5.9450000,49755071
20200310,000000,6.0460000,6.4710000,5.8050000,5.8900000,49087302
20200311,000000,5.9900000,6.1990000,5.8100000,5.9450000,36272674
20200312,000000,5.5320000,5.7890000,4.8925000,4.9445000,66668787
20200313,000000,5.2200000,5.7960000,4.8500000,5.1040000,55354561
20200316,000000,4.8685000,5.1000000,4.4485000,4.9100000,42067982
20200317,000000,5.1470000,5.2610000,4.7000000,5.1200000,35264269
20200318,000000,4.9500000,5.4800000,4.9120000,5.1850000,24451606
20200319,000000,5.1420000,5.5700000,5.1420000,5.5350000,21530921
20200320,000000,5.8300000,5.9490000,5.4140000,5.4790000,26870925
20200323,000000,5.3000000,5.7990000,5.2960000,5.4980000,23739493
20200324,000000,5.8510000,6.1000000,5.7600000,6.1000000,22094924
20200325,000000,6.4490000,6.8370000,6.0100000,6.3070000,24892909
20200326,000000,6.1650000,6.4200000,6.1180000,6.3770000,18966338
20200327,000000,6.1000000,6.1920000,5.8250000,5.9260000,22003889
20200330,000000,5.8820000,5.9600000,5.6330000,5.7890000,16470263
20200331,000000,5.9500000,5.9820000,5.6500000,5.9630000,15411969
20200401,000000,5.6710000,5.7410000,5.5340000,5.5760000,18362569
20200402,000000,5.6280000,5.9250000,5.4860000,5.5870000,23764109
20200403,000000,5.5190000,5.6100000,5.3940000,5.4140000,19477359
20200406,000000,5.6800000,5.9180000,5.5920000,5.8500000,15963282
20200407,000000,6.1530000,6.3430000,6.0540000,6.0940000,17979209
20200408,000000,6.0760000,6.1200000,5.9250000,6.0110000,11424520
20200409,000000,6.1600000,6.2680000,5.9720000,6.1190000,22438017
20200414,000000,6.2000000,6.3770000,6.0940000,6.2090000,15097667
20200415,000000,6.2120000,6.2120000,5.6320000,5.6520000,17967293
20200416,000000,5.7280000,5.9360000,5.6090000,5.7230000,18113889
20200417,000000,6.0000000,6.0690000,5.8700000,5.9710000,18528854
20200420,000000,5.9900000,6.0000000,5.7170000,5.8900000,15544972
20200421,000000,5.7700000,5.8100000,5.5810000,5.5940000,14083257
20200422,000000,5.6300000,5.6900000,5.5540000,5.6490000,10800072
20200423,000000,5.6980000,5.9150000,5.5730000,5.8460000,16735767
20200424,000000,5.6300000,5.6690000,5.4610000,5.4730000,16766432
20200427,000000,5.7670000,6.1420000,5.7550000,6.1420000,35305690
20200428,000000,6.2100000,6.4030000,6.1370000,6.3910000,26141082
20200429,000000,6.3000000,7.1550000,6.3000000,7.1550000,34172832
20200430,000000,7.0830000,7.3500000,6.5980000,6.7780000,29598299
20200504,000000,6.5010000,6.5810000,6.3490000,6.4550000,18371597
20200505,000000,6.6120000,6.7430000,6.4290000,6.5470000,14878051
20200506,000000,6.5860000,6.5900000,6.3000000,6.3400000,12067952
20200507,000000,6.3740000,6.5600000,6.2910000,6.5550000,12569751
20200508,000000,6.6250000,6.6590000,6.4270000,6.5370000,9592101
20200511,000000,6.5950000,6.6440000,6.2860000,6.3650000,14000147
20200512,000000,6.3710000,6.5490000,6.3370000,6.5060000,11871994
20200513,000000,6.3300000,6.3660000,6.0930000,6.0930000,17002824
20200514,000000,6.0000000,6.1500000,5.7950000,6.0710000,16477285
20200515,000000,6.1890000,6.2700000,5.8470000,5.9410000,16742470
20200518,000000,6.0560000,6.5560000,6.0510000,6.5560000,17961404
20200519,000000,6.7140000,6.7980000,6.4380000,6.5850000,20594088
20200520,000000,6.5210000,6.8540000,6.3850000,6.8540000,14427835
20200521,000000,6.7400000,6.8340000,6.6240000,6.7150000,9618624
20200522,000000,6.5510000,6.8680000,6.4750000,6.6910000,14624850
20200525,000000,6.8410000,6.9000000,6.6450000,6.9000000,9515240
20200526,000000,7.0000000,7.5040000,6.9610000,7.5040000,25903595
20200527,000000,7.6210000,7.9300000,7.5700000,7.7870000,24916208
20200528,000000,7.9010000,8.0800000,7.7700000,7.8300000,16930134
20200529,000000,7.5800000,7.7350000,7.5100000,7.5310000,19575014
20200602,000000,7.7010000,8.1600000,7.7010000,7.9460000,25345098
20200603,000000,8.1530000,8.2110000,7.9650000,8.1530000,19760619
20200604,000000,8.0790000,8.4720000,8.0230000,8.3180000,20347044
20200605,000000,8.4920000,8.7570000,8.4240000,8.7090000,22283457
20200608,000000,8.6420000,9.2010000,8.6360000,9.0400000,24419541
20200609,000000,8.9470000,9.0470000,8.4200000,8.6240000,22167268
20200610,000000,8.8500000,9.0750000,8.6010000,8.7450000,19559896
20200611,000000,8.3490000,8.5740000,8.1340000,8.1340000,18322029
20200612,000000,7.9350000,8.4910000,7.9350000,8.2780000,16149300
20200615,000000,7.8850000,8.3500000,7.8200000,8.2500000,15682551
20200616,000000,8.6000000,8.6830000,8.2910000,8.4800000,16360068
20200617,000000,8.5160000,8.6800000,8.3750000,8.4360000,14682471
20200618,000000,8.3660000,8.5910000,8.0460000,8.2630000,19941784
20200619,000000,8.3950000,8.4740000,8.2840000,8.3420000,26833172
20200622,000000,8.1070000,8.3670000,8.0600000,8.3050000,10875564
20200623,000000,8.3300000,8.7200000,8.3250000,8.4510000,1247269
20200624,000000,8.4820000,8.6270000,8.0510000,8.1080000,825758
20200625,000000,8.1670000,8.5400000,8.0400000,8.5260000,649378
20200626,000000,8.5340000,8.5380000,8.0210000,8.0220000,673558
20200629,000000,8.0200000,8.4900000,8.0100000,8.4150000,726773
20200630,000000,8.4150000,8.5100000,8.2440000,8.4760000,600301
20200701,000000,8.4390000,8.5090000,8.2950000,8.2950000,664946
20200702,000000,8.2730000,8.7080000,8.2730000,8.4860000,1019348
20200703,000000,8.5540000,8.6660000,8.4200000,8.4350000,621909
20200706,000000,8.5590000,8.9150000,8.5590000,8.7890000,1152457
20200707,000000,8.8490000,8.8530000,8.6430000,8.7390000,755498
20200708,000000,8.7300000,8.8040000,8.6770000,8.8030000,423285
20200709,000000,8.7990000,8.8210000,8.5610000,8.6240000,598062
20200710,000000,8.5210000,8.9480000,8.4110000,8.9340000,852777
20200713,000000,8.9490000,9.0910000,8.5580000,8.5850000,1068257
20200714,000000,8.7490000,8.8800000,8.6300000,8.7840000,657184
20200715,000000,8.8190000,9.0200000,8.7410000,8.9150000,1040333
20200716,000000,8.8290000,9.0140000,8.7660000,8.8340000,700720
20200717,000000,8.7640000,8.8490000,8.6170000,8.7290000,653694
20200720,000000,8.7180000,8.8865000,8.5900000,8.8865000,705670
20200721,000000,8.9310000,9.1700000,8.4100000,8.4350000,2650488
20200722,000000,8.4910000,8.7290000,8.4510000,8.5030000,785629
20200723,000000,8.5110000,8.6400000,8.2200000,8.2940000,978664
20200724,000000,8.2010000,8.3930000,8.1000000,8.2470000,553455
20200727,000000,8.2100000,8.2700000,8.0620000,8.1050000,669926
20200728,000000,8.1100000,8.1920000,7.9630000,8.0550000,596218
20200729,000000,8.2600000,8.3490000,7.6090000,7.8210000,1773107
20200730,000000,7.8100000,7.8690000,7.2970000,7.6130000,1410768
20200731,000000,7.5920000,7.7800000,7.5370000,7.5940000,430899
20200803,000000,7.6160000,7.8690000,7.5900000,7.8370000,549319
20200804,000000,7.8710000,8.0310000,7.7420000,7.8420000,493728
20200805,000000,7.8230000,8.0100000,7.8230000,7.8880000,400183
20200806,000000,7.8780000,7.9670000,7.6810000,7.7660000,430117
20200807,000000,7.7500000,7.8110000,7.5700000,7.8110000,400226
20200810,000000,7.8010000,8.0150000,7.7530000,8.0150000,623870
20200811,000000,8.1190000,8.2710000,8.0600000,8.1210000,862803
20200812,000000,8.1320000,8.3900000,8.1320000,8.2350000,574564
20200813,000000,8.2480000,8.3000000,8.0590000,8.0940000,560438
20200814,000000,8.1170000,8.1170000,7.8390000,8.0730000,627538
20200817,000000,8.0210000,8.0910000,7.9430000,7.9960000,317674
20200818,000000,7.9510000,8.0470000,7.8410000,7.8680000,426235
20200819,000000,7.9160000,8.1220000,7.8300000,8.0630000,463297
20200820,000000,8.0200000,8.0480000,7.8610000,7.8900000,377214
20200821,000000,7.8960000,7.9700000,7.6850000,7.7830000,532088
20200824,000000,7.8120000,8.1370000,7.8040000,8.1370000,683158
20200825,000000,8.1200000,8.3500000,8.1200000,8.1610000,858766
20200826,000000,8.1820000,8.3600000,8.0900000,8.2810000,649500
20200827,000000,8.3180000,8.3240000,8.1800000,8.2450000,503166
20200828,000000,8.2800000,8.4700000,8.2150000,8.3140000,1025751
20200831,000000,8.2810000,8.4100000,7.9710000,7.9750000,597524
20200901,000000,8.1270000,8.1300000,7.8690000,7.9870000,591490
20200902,000000,8.0370000,8.0620000,7.8510000,7.9650000,698371
20200903,000000,7.9990000,8.2170000,7.8110000,7.8450000,1026984
20200904,000000,7.8690000,8.2810000,7.8690000,8.2240000,1211888
20200907,000000,8.1600000,8.2800000,8.0100000,8.1350000,430247
20200908,000000,8.1000000,8.1490000,7.8710000,7.9720000,720069
20200909,000000,7.9000000,8.0390000,7.7540000,7.9790000,576154
20200910,000000,8.0460000,8.1240000,7.8680000,7.9210000,643441
20200911,000000,8.0380000,8.0380000,7.7810000,7.8280000,588047
20200914,000000,7.8510000,7.9190000,7.7540000,7.8730000,410177
20200915,000000,7.8710000,7.9120000,7.6900000,7.6970000,695754
20200916,000000,7.7270000,7.8920000,7.6490000,7.8580000,479365
20200917,000000,7.8000000,7.8290000,7.6900000,7.7940000,370913
20200918,000000,7.8130000,7.8190000,7.6400000,7.6880000,470703
20200921,000000,7.6000000,7.6000000,6.9910000,7.0970000,2336195
20200922,000000,7.0490000,7.1300000,6.9100000,6.9640000,995923
20200923,000000,6.9840000,7.1500000,6.8600000,6.8880000,656018
20200924,000000,6.8930000,7.0500000,6.8300000,6.9400000,874289
20200925,000000,6.9520000,7.0190000,6.7550000,6.8720000,483161
20200928,000000,6.9400000,7.2890000,6.9310000,7.2510000,699513
20200929,000000,7.2900000,7.2900000,7.0210000,7.0530000,344124
20200930,000000,7.0330000,7.3040000,6.9040000,7.1640000,500414
20201001,000000,7.1820000,7.3300000,7.0400000,7.1170000,534493
20201002,000000,7.0000000,7.3000000,6.9810000,7.2780000,564441
20201005,000000,7.2900000,7.4180000,7.2260000,7.3720000,395208
20201006,000000,7.3880000,7.7990000,7.3450000,7.6570000,931962
20201007,000000,7.7500000,7.8770000,7.6960000,7.8470000,499287
20201008,000000,7.8590000,8.0700000,7.8280000,7.9710000,864076
20201009,000000,7.9500000,8.0070000,7.8060000,7.8550000,597183
20201012,000000,7.8200000,7.9590000,7.8040000,7.8880000,445869
20201013,000000,7.8770000,7.9520000,7.7110000,7.7300000,517373
20201014,000000,7.7470000,7.8920000,7.6470000,7.7010000,507676
20201015,000000,7.6650000,7.7000000,7.4860000,7.6980000,851672
20201016,000000,7.6910000,7.9100000,7.5400000,7.8630000,715475
20201019,000000,7.8260000,8.0740000,7.7700000,7.8960000,765183
20201020,000000,7.9250000,8.2640000,7.9240000,8.1240000,1286350
20201021,000000,8.1510000,8.2810000,7.9080000,7.9400000,540136
20201022,000000,7.9010000,8.0000000,7.7620000,7.9810000,473968
20201023,000000,7.9710000,8.2400000,7.9210000,8.1280000,664629
20201026,000000,7.9810000,8.3500000,7.9100000,8.1080000,1062450
20201027,000000,8.1200000,8.2170000,7.8020000,7.8020000,651561
20201028,000000,8.1980000,8.1980000,7.5220000,7.8310000,1588529
20201029,000000,7.8450000,8.0500000,7.7610000,7.8840000,511753
20201030,000000,7.7900000,7.9990000,7.6840000,7.9720000,601713
20201102,000000,7.9450000,8.3190000,7.9100000,8.2780000,815399
20201103,000000,8.3400000,8.5650000,8.3000000,8.5140000,1057442
20201104,000000,8.4510000,8.6900000,8.2130000,8.4900000,919035
20201105,000000,8.5510000,8.6390000,8.3180000,8.5080000,533587
20201106,000000,8.4610000,8.6600000,8.4550000,8.5520000,389123
20201109,000000,8.6500000,9.2300000,8.6120000,8.9570000,2331678
20201110,000000,8.8500000,9.2560000,8.8100000,9.0640000,1245109
20201111,000000,9.0570000,9.1450000,8.8810000,8.9020000,599170
20201112,000000,8.8220000,9.0140000,8.7600000,8.8160000,525609
20201113,000000,8.8330000,9.0630000,8.7920000,9.0520000,474634
20201116,000000,9.1000000,9.2200000,9.0170000,9.1120000,856589
20201117,000000,9.0930000,9.1940000,9.0560000,9.1150000,391377
20201118,000000,9.0810000,9.2130000,9.0510000,9.0550000,538080
20201119,000000,9.0710000,9.1010000,8.9010000,9.0320000,528034
20201120,000000,9.0000000,9.0380000,8.9200000,9.0080000,283636
20201123,000000,8.9970000,9.3500000,8.9800000,9.3260000,966592
20201124,000000,9.3140000,9.6500000,9.3040000,9.6360000,1218004
20201125,000000,9.6020000,9.7200000,9.4060000,9.5360000,668172
20201126,000000,9.4960000,9.5360000,9.3610000,9.3770000,325665
20201127,000000,9.3840000,9.5560000,9.3680000,9.4810000,448173
20201130,000000,9.4480000,9.5550000,9.3000000,9.3230000,595628
20201201,000000,9.3910000,9.5490000,9.3010000,9.4860000,456820
20201202,000000,9.4830000,9.5890000,9.3670000,9.5720000,385795
20201203,000000,9.5300000,9.7780000,9.4700000,9.6750000,894178
20201204,000000,9.7070000,9.8200000,9.6570000,9.7250000,588825
20201207,000000,9.6900000,9.6990000,9.5100000,9.5520000,512108
20201208,000000,9.5670000,9.6050000,9.4070000,9.4620000,362489
20201209,000000,9.4670000,9.6300000,9.2320000,9.2760000,804384
20201210,000000,9.2980000,9.3830000,9.0610000,9.0860000,630815
20201211,000000,9.1010000,9.1800000,8.7310000,8.7780000,930020
20201214,000000,8.8000000,9.0010000,8.7210000,8.7490000,549121
20201215,000000,8.7750000,8.9700000,8.7410000,8.9240000,315361
20201216,000000,8.9210000,9.1490000,8.9210000,8.9680000,451696
20201217,000000,8.9880000,9.1220000,8.9600000,9.0800000,393951
20201218,000000,9.0990000,9.1100000,8.9860000,9.0400000,302402
20201221,000000,8.9270000,8.9300000,8.4610000,8.7200000,1093252
20201222,000000,8.6560000,8.8280000,8.6230000,8.7500000,416078
20201223,000000,8.7630000,8.9810000,8.7130000,8.9650000,466712
20201228,000000,8.9990000,9.2440000,8.9990000,9.1550000,818041
20201229,000000,9.2410000,9.2490000,8.9130000,8.9330000,673922
20201230,000000,8.9210000,9.0700000,8.9190000,8.9720000,259260
20210104,000000,8.9900000,9.0190000,8.7110000,8.7740000,933666
20210105,000000,8.8000000,8.9500000,8.7310000,8.9040000,438882
20210106,000000,8.9040000,9.4290000,8.8700000,9.3620000,1555224
20210107,000000,9.4110000,9.5800000,9.1680000,9.5210000,989737
20210108,000000,9.5500000,9.6500000,9.4300000,9.5300000,618089
20210111,000000,9.3760000,9.5850000,9.3300000,9.5820000,438929
20210112,000000,9.5100000,9.7440000,9.5000000,9.6670000,660274
20210113,000000,9.6840000,9.6850000,9.4990000,9.6370000,320190
20210114,000000,9.6170000,9.9970000,9.6170000,9.9660000,1201366
20210115,000000,9.8510000,10.0820000,9.5680000,9.6180000,1330775
20210118,000000,9.5990000,9.7110000,9.5010000,9.6620000,335795
20210119,000000,9.7000000,9.8990000,9.2510000,9.2840000,1182341
20210120,000000,9.3390000,9.3900000,9.1590000,9.1910000,1125088
20210121,000000,9.2210000,9.3190000,9.1230000,9.1900000,775004
20210122,000000,9.1490000,9.1540000,8.9010000,8.9150000,1097758
20210125,000000,8.9200000,9.0070000,8.5260000,8.6490000,1124753
20210126,000000,8.5120000,8.8300000,8.5120000,8.7570000,612993
