<DATE>,<TIME>,<OPEN>,<HIGH>,<LOW>,<CLOSE>,<VOL>
20160128,000000,44.9000000,45.5000000,44.9000000,45.4000000,70
20160129,000000,46.4000000,46.5000000,46.3000000,46.5000000,140
20160201,000000,46.5000000,46.5000000,46.5000000,46.5000000,10
20160202,000000,45.5000000,46.5000000,45.3000000,46.0000000,130
20160205,000000,45.4000000,46.4000000,45.4000000,46.4000000,30
20160209,000000,46.4000000,46.5000000,46.4000000,46.5000000,100
20160210,000000,46.1000000,46.1000000,45.6000000,45.9000000,40
20160211,000000,46.0000000,46.7000000,45.6000000,46.6000000,230
20160215,000000,46.5000000,46.5000000,46.5000000,46.5000000,20
20160216,000000,46.5000000,46.5000000,45.8000000,46.5000000,70
20160217,000000,45.7000000,46.5000000,45.3000000,45.9000000,920
20160218,000000,47.0000000,48.0000000,46.7000000,46.8000000,130
20160219,000000,48.5000000,48.5000000,45.1000000,45.9000000,520
20160222,000000,46.8000000,47.1000000,46.8000000,47.1000000,60
20160224,000000,47.9000000,47.9000000,47.9000000,47.9000000,10
20160225,000000,48.3000000,48.3000000,46.9000000,47.2000000,110
20160226,000000,48.2000000,48.2000000,45.4000000,46.3000000,60
20160229,000000,45.3000000,46.6000000,45.3000000,46.6000000,80
20160301,000000,46.7000000,46.8000000,45.6000000,46.8000000,150
20160302,000000,46.3000000,47.0000000,46.3000000,46.6000000,100
20160303,000000,48.5000000,48.5000000,45.3000000,47.8000000,400
20160304,000000,46.9000000,47.8000000,46.0000000,47.8000000,120
20160307,000000,46.4000000,58.0000000,46.4000000,48.1000000,2720
20160309,000000,47.8000000,48.6000000,46.7000000,47.5000000,680
20160311,000000,47.9000000,48.6000000,47.4000000,47.9000000,850
20160314,000000,48.3000000,48.4000000,47.3000000,47.9000000,200
20160315,000000,47.4000000,48.1000000,47.4000000,47.5000000,210
20160316,000000,47.8000000,48.6000000,47.3000000,48.6000000,720
20160317,000000,48.6000000,52.9000000,46.5000000,50.1000000,12820
20160318,000000,49.2000000,49.2000000,47.9000000,47.9000000,1760
20160321,000000,49.2000000,50.2000000,47.6000000,47.8000000,350
20160322,000000,48.0000000,49.2000000,48.0000000,48.8000000,370
20160323,000000,48.9000000,49.5000000,48.5000000,48.5000000,320
20160324,000000,48.4000000,48.4000000,47.4000000,47.4000000,150
20160325,000000,47.5000000,47.8000000,47.5000000,47.5000000,110
20160328,000000,48.0000000,48.0000000,48.0000000,48.0000000,30
20160329,000000,48.1000000,49.1000000,48.0000000,48.6000000,290
20160330,000000,48.2000000,49.4000000,47.6000000,48.7000000,220
20160331,000000,48.3000000,48.6000000,47.6000000,48.6000000,470
20160401,000000,48.3000000,48.3000000,48.3000000,48.3000000,10
20160404,000000,48.3000000,48.8000000,47.9000000,48.8000000,50
20160405,000000,47.9000000,48.9000000,47.6000000,47.8000000,140
20160406,000000,48.0000000,48.7000000,48.0000000,48.7000000,130
20160407,000000,47.8000000,48.0000000,47.7000000,47.7000000,60
20160408,000000,47.9000000,48.9000000,47.6000000,48.9000000,130
20160411,000000,47.7000000,48.0000000,47.5000000,48.0000000,1000
20160413,000000,48.1000000,48.5000000,44.1000000,47.1000000,2060
20160414,000000,48.0000000,48.0000000,46.7000000,47.3000000,270
20160415,000000,47.6000000,47.8000000,47.5000000,47.8000000,50
20160418,000000,47.3000000,47.3000000,46.0000000,46.7000000,610
20160419,000000,46.9000000,47.6000000,46.4000000,47.0000000,90
20160420,000000,47.4000000,47.6000000,47.0000000,47.0000000,30
20160421,000000,46.7000000,47.7000000,44.5000000,46.5000000,1360
20160422,000000,46.2000000,46.6000000,46.2000000,46.6000000,1520
20160426,000000,46.5000000,46.8000000,46.5000000,46.7000000,60
20160427,000000,47.3000000,47.3000000,46.8000000,47.2000000,230
20160428,000000,46.8000000,47.1000000,46.3000000,46.3000000,260
20160429,000000,46.6000000,46.6000000,46.6000000,46.6000000,20
20160504,000000,46.2000000,46.2000000,46.0000000,46.0000000,30
20160505,000000,46.2000000,46.5000000,46.2000000,46.5000000,30
20160506,000000,46.6000000,47.4000000,46.6000000,47.4000000,90
20160510,000000,48.5000000,48.5000000,42.8000000,46.7000000,880
20160511,000000,46.1000000,48.0000000,46.1000000,46.9000000,340
20160512,000000,48.0000000,48.0000000,46.2000000,46.3000000,70
20160516,000000,46.0000000,46.0000000,46.0000000,46.0000000,1340
20160517,000000,47.6000000,47.6000000,47.0000000,47.0000000,1030
20160518,000000,46.2000000,46.2000000,46.0000000,46.0000000,40
20160519,000000,47.0000000,47.0000000,46.0000000,46.9000000,120
20160520,000000,46.3000000,48.4000000,46.3000000,46.9000000,270
20160523,000000,48.0000000,48.2000000,47.0000000,47.0000000,350
20160524,000000,46.7000000,47.3000000,43.1000000,46.2000000,180
20160525,000000,47.3000000,47.3000000,46.9000000,46.9000000,130
20160526,000000,46.2000000,46.2000000,46.1000000,46.1000000,100
20160527,000000,47.5000000,47.5000000,47.4000000,47.4000000,20
20160530,000000,47.4000000,47.4000000,47.4000000,47.4000000,540
20160531,000000,47.3000000,47.3000000,47.3000000,47.3000000,20
20160601,000000,46.3000000,46.4000000,46.3000000,46.4000000,20
20160602,000000,47.6000000,47.9000000,47.3000000,47.7000000,130
20160603,000000,47.0000000,47.0000000,46.6000000,46.6000000,50
20160606,000000,46.5000000,47.3000000,46.0000000,46.4000000,310
20160607,000000,46.4000000,46.4000000,45.0000000,45.4000000,140
20160608,000000,45.1000000,45.4000000,44.7000000,45.2000000,160
20160609,000000,44.6000000,45.3000000,44.5000000,45.3000000,60
20160610,000000,45.3000000,45.3000000,45.3000000,45.3000000,20
20160614,000000,45.3000000,45.4000000,45.3000000,45.4000000,80
20160615,000000,45.7000000,45.7000000,44.1000000,44.1000000,40
20160616,000000,44.4000000,45.3000000,44.4000000,45.3000000,20
20160617,000000,45.0000000,45.4000000,44.9000000,44.9000000,130
20160621,000000,46.5000000,46.5000000,45.1000000,45.1000000,100
20160622,000000,45.9000000,45.9000000,45.9000000,45.9000000,10
20160623,000000,44.8000000,44.9000000,41.8000000,44.9000000,550
20160624,000000,44.0000000,46.4000000,42.6000000,44.2000000,850
20160627,000000,43.6000000,43.9000000,43.3000000,43.3000000,260
20160628,000000,43.9000000,43.9000000,43.9000000,43.9000000,110
20160629,000000,45.5000000,45.5000000,44.2000000,44.3000000,140
20160630,000000,44.1000000,44.1000000,44.0000000,44.0000000,20
20160701,000000,43.7000000,43.7000000,42.5000000,42.8000000,1730
20160704,000000,43.7000000,44.0000000,43.7000000,44.0000000,430
20160705,000000,45.9000000,45.9000000,43.8000000,44.9000000,210
20160706,000000,44.9000000,45.1000000,44.9000000,45.1000000,20
20160707,000000,45.7000000,45.7000000,45.7000000,45.7000000,10
20160708,000000,44.8000000,46.0000000,44.8000000,46.0000000,530
20160711,000000,44.0000000,47.0000000,44.0000000,45.9000000,570
20160712,000000,47.0000000,47.0000000,45.0000000,45.0000000,170
20160713,000000,45.9000000,45.9000000,44.0000000,45.8000000,290
20160714,000000,44.0000000,45.7000000,44.0000000,44.1000000,190
20160715,000000,44.2000000,44.3000000,44.1000000,44.1000000,250
20160718,000000,44.4000000,44.8000000,44.4000000,44.8000000,30
20160719,000000,44.1000000,44.2000000,44.1000000,44.2000000,230
20160720,000000,44.9000000,44.9000000,44.9000000,44.9000000,10
20160721,000000,45.0000000,45.1000000,44.9000000,45.0000000,2590
20160722,000000,45.0000000,45.0000000,44.2000000,44.7000000,340
20160725,000000,45.1000000,45.7000000,44.3000000,45.7000000,250
20160727,000000,44.4000000,47.2000000,44.4000000,45.0000000,1270
20160728,000000,47.0000000,47.0000000,45.0000000,45.0000000,160
20160729,000000,45.0000000,45.0000000,42.6000000,44.2000000,3050
20160801,000000,45.0000000,45.0000000,44.5000000,44.5000000,1520
20160802,000000,44.9000000,44.9000000,44.8000000,44.9000000,1110
20160803,000000,44.5000000,45.0000000,44.5000000,45.0000000,160
20160804,000000,45.8000000,45.8000000,45.0000000,45.0000000,40
20160805,000000,45.8000000,46.4000000,45.8000000,45.9000000,130
20160808,000000,45.8000000,47.0000000,45.8000000,47.0000000,350
20160809,000000,46.0000000,47.5000000,46.0000000,47.3000000,260
20160810,000000,47.8000000,48.2000000,47.4000000,47.6000000,360
20160811,000000,46.7000000,48.5000000,46.7000000,48.5000000,1080
20160812,000000,48.4000000,48.4000000,42.8000000,46.9000000,1210
20160815,000000,46.1000000,46.1000000,46.1000000,46.1000000,10
20160817,000000,46.4000000,46.7000000,46.4000000,46.7000000,30
20160818,000000,46.8000000,46.9000000,46.8000000,46.9000000,50
20160822,000000,46.0000000,48.5000000,46.0000000,47.0000000,4340
20160823,000000,47.0000000,47.0000000,47.0000000,47.0000000,100
20160824,000000,46.7000000,47.8000000,46.7000000,47.8000000,20
20160825,000000,47.9000000,48.2000000,45.5000000,45.9000000,1990
20160826,000000,46.9000000,46.9000000,46.7000000,46.7000000,20
20160829,000000,45.7000000,47.9000000,45.6000000,46.5000000,860
20160831,000000,46.6000000,47.9000000,46.6000000,47.9000000,1120
20160901,000000,47.9000000,52.4000000,47.9000000,50.0000000,1900
20160902,000000,52.4000000,52.4000000,48.0000000,48.6000000,220
20160905,000000,48.9000000,48.9000000,48.9000000,48.9000000,110
20160906,000000,48.9000000,49.8000000,48.2000000,48.7000000,480
20160907,000000,50.8000000,50.8000000,48.1000000,48.9000000,250
20160908,000000,49.6000000,50.7000000,49.5000000,50.2000000,350
20160909,000000,49.9000000,50.9000000,48.9000000,50.4000000,2620
20160912,000000,48.7000000,50.8000000,47.1000000,49.3000000,400
20160913,000000,49.8000000,49.8000000,48.1000000,48.2000000,80
20160914,000000,48.3000000,48.9000000,47.6000000,48.2000000,660
20160915,000000,48.8000000,48.8000000,47.7000000,48.1000000,720
20160916,000000,47.9000000,48.1000000,47.4000000,48.1000000,600
20160919,000000,47.1000000,47.6000000,46.7000000,47.3000000,750
20160920,000000,46.7000000,47.3000000,44.3000000,46.2000000,3600
20160921,000000,46.8000000,47.0000000,46.8000000,47.0000000,40
20160922,000000,46.4000000,48.3000000,45.2000000,48.0000000,2060
20160926,000000,47.2000000,47.9000000,47.2000000,47.9000000,20
20160927,000000,47.1000000,47.1000000,47.1000000,47.1000000,10
20160928,000000,46.3000000,48.7000000,46.2000000,48.5000000,2300
20160929,000000,48.0000000,50.9000000,48.0000000,49.9000000,3350
20160930,000000,49.6000000,49.9000000,49.0000000,49.7000000,1400
20161003,000000,48.7000000,51.9000000,48.0000000,49.0000000,5580
20161004,000000,49.3000000,49.3000000,48.7000000,48.9000000,130
20161005,000000,48.5000000,49.0000000,48.1000000,49.0000000,100
20161006,000000,48.6000000,48.6000000,48.6000000,48.6000000,10
20161007,000000,47.7000000,50.4000000,47.1000000,50.0000000,1710
20161010,000000,50.1000000,50.1000000,49.3000000,49.3000000,330
20161011,000000,49.2000000,52.0000000,49.2000000,49.5000000,400
20161012,000000,49.9000000,50.1000000,49.5000000,49.5000000,350
20161013,000000,50.4000000,50.4000000,48.0000000,49.1000000,680
20161014,000000,48.8000000,48.8000000,48.8000000,48.8000000,10
20161017,000000,49.3000000,49.5000000,48.6000000,48.6000000,160
20161018,000000,49.1000000,52.9000000,49.1000000,49.3000000,170
20161019,000000,50.1000000,51.1000000,49.9000000,50.8000000,250
20161020,000000,50.8000000,51.2000000,49.6000000,51.2000000,440
20161021,000000,51.1000000,52.9000000,49.3000000,52.0000000,1750
20161024,000000,51.7000000,53.0000000,51.4000000,52.4000000,300
20161025,000000,51.4000000,53.0000000,51.2000000,53.0000000,270
20161026,000000,53.8000000,54.0000000,51.3000000,52.6000000,470
20161027,000000,53.9000000,54.1000000,51.1000000,52.7000000,500
20161028,000000,50.9000000,52.8000000,50.0000000,52.5000000,430
20161031,000000,51.9000000,52.7000000,51.8000000,52.7000000,2690
20161101,000000,52.1000000,55.9000000,52.1000000,55.0000000,3740
20161102,000000,55.1000000,55.2000000,53.0000000,54.0000000,270
20161103,000000,53.9000000,53.9000000,53.9000000,53.9000000,30
20161107,000000,54.7000000,55.5000000,54.4000000,54.4000000,3370
20161108,000000,55.6000000,56.9000000,52.1000000,54.4000000,2620
20161109,000000,54.1000000,54.8000000,54.0000000,54.1000000,100
20161110,000000,53.8000000,53.9000000,53.7000000,53.9000000,70
20161111,000000,54.7000000,54.7000000,53.5000000,53.8000000,240
20161114,000000,54.0000000,54.0000000,53.9000000,53.9000000,40
20161115,000000,53.1000000,53.1000000,53.1000000,53.1000000,20
20161116,000000,54.4000000,74.7000000,53.9000000,61.5000000,11870
20161117,000000,61.0000000,61.0000000,57.9000000,58.4000000,4120
20161118,000000,58.4000000,58.5000000,56.2000000,57.1000000,2980
20161121,000000,57.1000000,57.1000000,56.0000000,56.2000000,590
20161122,000000,57.1000000,57.1000000,55.4000000,55.4000000,510
20161123,000000,55.3000000,56.4000000,55.3000000,56.1000000,760
20161124,000000,55.8000000,56.7000000,55.0000000,55.0000000,960
20161125,000000,55.6000000,56.6000000,54.0000000,56.6000000,3140
20161128,000000,56.6000000,58.5000000,56.6000000,56.7000000,500
20161129,000000,56.2000000,56.2000000,55.6000000,55.7000000,240
20161130,000000,56.1000000,56.2000000,55.4000000,56.1000000,100
20161201,000000,56.3000000,57.0000000,51.3000000,55.7000000,1930
20161202,000000,55.0000000,55.7000000,54.4000000,55.1000000,90
20161205,000000,55.1000000,55.1000000,54.1000000,54.1000000,30
20161206,000000,55.6000000,55.7000000,55.2000000,55.2000000,40
20161207,000000,55.1000000,55.1000000,53.0000000,54.6000000,480
20161208,000000,54.8000000,55.7000000,53.4000000,55.7000000,740
20161209,000000,55.0000000,57.0000000,53.3000000,55.0000000,1650
20161212,000000,55.0000000,55.0000000,53.5000000,55.0000000,420
20161213,000000,54.3000000,57.4000000,54.3000000,56.2000000,600
20161214,000000,56.3000000,56.5000000,55.0000000,55.0000000,100
20161215,000000,55.1000000,56.8000000,54.1000000,56.1000000,1570
20161216,000000,56.0000000,57.0000000,56.0000000,56.1000000,1740
20161219,000000,56.1000000,56.1000000,56.1000000,56.1000000,10
20161220,000000,56.6000000,60.0000000,55.0000000,58.2000000,4670
20161221,000000,58.0000000,61.0000000,58.0000000,60.3000000,870
20161222,000000,59.0000000,60.0000000,59.0000000,59.9000000,270
20161223,000000,59.1000000,60.9000000,59.1000000,60.7000000,90
20161226,000000,61.0000000,61.0000000,60.4000000,61.0000000,1040
20161227,000000,61.3000000,63.8000000,61.3000000,62.1000000,360
20161228,000000,61.1000000,61.5000000,61.0000000,61.0000000,140
20161229,000000,59.2000000,60.3000000,57.8000000,59.5000000,530
20161230,000000,59.4000000,60.9000000,59.3000000,60.9000000,510
20170103,000000,61.5000000,63.0000000,58.6000000,61.6000000,700
20170104,000000,63.9000000,86.1000000,63.6000000,70.2000000,5530
20170105,000000,69.2000000,72.2000000,68.0000000,70.3000000,570
20170106,000000,71.4000000,84.2000000,63.6000000,70.8000000,4590
20170109,000000,68.9000000,68.9000000,66.0000000,66.7000000,3290
20170110,000000,66.7000000,67.8000000,65.2000000,66.0000000,510
20170111,000000,66.4000000,69.4000000,66.4000000,68.1000000,2030
20170112,000000,68.3000000,69.4000000,65.5000000,69.4000000,580
20170113,000000,67.6000000,72.0000000,67.0000000,71.2000000,1740
20170116,000000,70.2000000,74.9000000,68.2000000,70.5000000,1320
20170117,000000,70.1000000,70.4000000,65.6000000,68.4000000,1110
20170118,000000,68.5000000,69.2000000,67.4000000,68.1000000,230
20170119,000000,67.1000000,68.8000000,65.0000000,68.2000000,700
20170120,000000,67.4000000,68.9000000,66.7000000,67.1000000,480
20170123,000000,68.0000000,69.6000000,68.0000000,68.5000000,170
20170124,000000,68.2000000,68.2000000,66.3000000,67.9000000,170
20170125,000000,67.2000000,68.0000000,66.0000000,68.0000000,230
20170126,000000,67.0000000,67.5000000,66.2000000,67.4000000,1220
20170127,000000,67.7000000,68.0000000,67.7000000,67.9000000,380
20170130,000000,67.3000000,67.3000000,67.3000000,67.3000000,10
20170131,000000,67.1000000,68.0000000,67.0000000,67.0000000,170
20170201,000000,66.4000000,66.4000000,60.5000000,66.2000000,370
20170202,000000,66.3000000,75.0000000,66.1000000,71.0000000,820
20170203,000000,71.1000000,72.3000000,68.0000000,69.4000000,770
20170206,000000,69.8000000,70.5000000,68.7000000,68.9000000,940
20170207,000000,69.7000000,70.1000000,67.0000000,68.7000000,650
20170208,000000,67.8000000,69.6000000,67.7000000,69.2000000,1180
20170209,000000,69.7000000,70.1000000,68.4000000,68.4000000,70
20170210,000000,69.8000000,71.0000000,63.6000000,67.8000000,4540
20170213,000000,68.7000000,68.7000000,66.6000000,66.6000000,180
20170214,000000,66.1000000,66.4000000,65.0000000,66.0000000,510
20170215,000000,64.8000000,66.0000000,64.8000000,66.0000000,50
20170216,000000,66.0000000,66.0000000,60.1000000,63.8000000,700
20170217,000000,64.0000000,64.0000000,63.3000000,63.3000000,80
20170220,000000,63.2000000,64.4000000,63.2000000,64.4000000,280
20170221,000000,64.4000000,65.4000000,64.4000000,65.4000000,130
20170222,000000,65.0000000,65.5000000,64.6000000,65.5000000,60
20170224,000000,65.0000000,65.0000000,65.0000000,65.0000000,320
20170227,000000,64.5000000,64.5000000,64.0000000,64.0000000,430
20170228,000000,64.0000000,64.3000000,63.0000000,63.0000000,170
20170301,000000,63.9000000,63.9000000,63.8000000,63.8000000,40
20170302,000000,62.6000000,63.8000000,62.4000000,63.8000000,90
20170303,000000,62.2000000,62.2000000,62.2000000,62.2000000,10
20170306,000000,63.6000000,64.1000000,63.0000000,63.8000000,270
20170307,000000,63.7000000,63.7000000,62.3000000,63.0000000,110
20170309,000000,62.3000000,62.3000000,60.7000000,61.1000000,200
20170310,000000,60.6000000,69.9000000,55.0000000,63.9000000,2840
20170313,000000,65.1000000,65.1000000,64.1000000,64.3000000,80
20170314,000000,62.8000000,64.9000000,62.8000000,64.9000000,30
20170316,000000,64.9000000,65.1000000,64.9000000,64.9000000,120
20170317,000000,65.4000000,65.5000000,65.4000000,65.5000000,40
20170321,000000,64.0000000,65.0000000,64.0000000,65.0000000,50
20170322,000000,64.0000000,64.0000000,64.0000000,64.0000000,10
20170323,000000,64.1000000,66.0000000,64.1000000,66.0000000,70
20170324,000000,66.0000000,66.0000000,65.0000000,65.0000000,20
20170327,000000,64.1000000,64.1000000,64.1000000,64.1000000,50
20170328,000000,64.1000000,68.0000000,62.0000000,68.0000000,110
20170329,000000,63.3000000,82.9000000,63.0000000,67.5000000,740
20170330,000000,67.1000000,67.1000000,67.0000000,67.0000000,30
20170331,000000,67.1000000,67.1000000,61.3000000,62.9000000,9330
20170403,000000,63.1000000,63.1000000,58.2000000,60.3000000,820
20170404,000000,58.4000000,62.3000000,58.3000000,60.2000000,320
20170405,000000,60.3000000,60.8000000,60.0000000,60.0000000,5930
20170406,000000,60.8000000,62.4000000,60.2000000,61.7000000,40
20170407,000000,61.8000000,61.8000000,60.1000000,60.8000000,30
20170410,000000,62.4000000,62.5000000,61.0000000,62.0000000,70
20170411,000000,61.0000000,61.0000000,58.6000000,60.0000000,180
20170412,000000,59.1000000,61.0000000,59.1000000,60.0000000,270
20170413,000000,60.1000000,60.1000000,60.0000000,60.0000000,470
20170414,000000,59.3000000,60.9000000,59.3000000,60.9000000,40
20170417,000000,60.0000000,60.0000000,59.4000000,59.4000000,320
20170418,000000,59.4000000,59.4000000,57.5000000,58.9000000,280
20170419,000000,57.3000000,58.9000000,57.1000000,57.1000000,70
20170420,000000,59.2000000,59.2000000,55.5000000,58.0000000,990
20170421,000000,60.8000000,60.8000000,55.6000000,58.0000000,2270
20170424,000000,58.0000000,58.0000000,56.2000000,56.3000000,3300
20170425,000000,57.5000000,57.9000000,57.5000000,57.9000000,980
20170426,000000,57.0000000,58.2000000,55.0000000,56.2000000,6720
20170427,000000,55.3000000,57.5000000,55.2000000,57.5000000,170
20170428,000000,56.6000000,59.0000000,55.1000000,56.9000000,1550
20170502,000000,57.0000000,57.5000000,57.0000000,57.0000000,420
20170503,000000,57.1000000,57.1000000,56.0000000,56.0000000,1470
20170504,000000,56.2000000,56.9000000,55.2000000,56.9000000,220
20170505,000000,55.4000000,56.4000000,51.7000000,56.0000000,690
20170510,000000,55.4000000,56.4000000,54.0000000,55.0000000,1270
20170511,000000,55.4000000,55.7000000,55.0000000,55.0000000,300
20170512,000000,55.1000000,56.0000000,53.6000000,53.6000000,840
20170515,000000,54.5000000,55.1000000,53.7000000,54.2000000,200
20170516,000000,52.9000000,54.3000000,52.9000000,54.3000000,80
20170517,000000,53.4000000,61.8000000,53.2000000,54.3000000,1100
20170518,000000,55.0000000,55.9000000,53.6000000,55.6000000,400
20170519,000000,55.2000000,55.2000000,50.1000000,53.0000000,1050
20170522,000000,54.0000000,54.9000000,53.2000000,54.9000000,100
20170523,000000,53.1000000,54.3000000,53.0000000,54.0000000,280
20170524,000000,55.2000000,55.2000000,53.0000000,53.0000000,500
20170525,000000,53.1000000,53.1000000,51.0000000,51.8000000,2890
20170526,000000,52.1000000,52.1000000,50.9000000,51.5000000,2350
20170529,000000,50.3000000,51.2000000,50.1000000,50.8000000,230
20170530,000000,50.2000000,51.3000000,50.2000000,51.3000000,50
20170601,000000,50.2000000,52.0000000,50.0000000,51.6000000,2080
20170602,000000,51.9000000,51.9000000,51.2000000,51.5000000,810
20170605,000000,52.9000000,55.0000000,50.8000000,53.5000000,820
20170606,000000,53.0000000,53.0000000,52.1000000,53.0000000,440
20170607,000000,57.6000000,57.6000000,52.8000000,53.5000000,340
20170608,000000,52.1000000,52.9000000,52.1000000,52.6000000,90
20170609,000000,55.1000000,55.1000000,51.2000000,53.5000000,330
20170613,000000,49.0000000,51.9000000,47.0000000,51.8000000,280
20170614,000000,51.5000000,52.5000000,51.0000000,51.0000000,100
20170615,000000,50.6000000,52.6000000,50.5000000,51.8000000,160
20170616,000000,51.8000000,51.8000000,50.5000000,50.5000000,110
20170619,000000,50.6000000,51.9000000,50.6000000,51.6000000,230
20170620,000000,51.6000000,52.1000000,51.5000000,51.5000000,100
20170621,000000,52.4000000,52.5000000,52.0000000,52.5000000,70
20170622,000000,52.0000000,52.5000000,51.4000000,51.4000000,60
20170623,000000,52.5000000,52.5000000,52.5000000,52.5000000,10
20170626,000000,51.5000000,52.4000000,51.0000000,51.8000000,130
20170627,000000,52.0000000,52.0000000,51.3000000,51.9000000,40
20170628,000000,51.9000000,54.0000000,51.9000000,52.7000000,260
20170629,000000,52.9000000,52.9000000,52.9000000,52.9000000,10
20170630,000000,53.9000000,53.9000000,51.1000000,51.6000000,610
20170703,000000,52.7000000,52.7000000,51.3000000,51.3000000,80
20170704,000000,51.3000000,53.9000000,50.0000000,50.6000000,480
20170705,000000,50.8000000,51.9000000,50.8000000,50.8000000,160
20170706,000000,52.6000000,52.6000000,51.3000000,52.0000000,140
20170707,000000,51.3000000,53.7000000,51.3000000,53.7000000,170
20170710,000000,51.9000000,54.0000000,51.9000000,54.0000000,140
20170711,000000,52.9000000,54.1000000,52.9000000,53.7000000,90
20170712,000000,53.4000000,53.4000000,52.0000000,52.1000000,130
20170713,000000,52.1000000,53.3000000,51.5000000,51.6000000,310
20170714,000000,51.3000000,51.6000000,50.0000000,51.6000000,230
20170718,000000,50.8000000,51.3000000,50.3000000,51.3000000,60
20170721,000000,51.9000000,51.9000000,51.9000000,51.9000000,10
20170724,000000,50.5000000,51.5000000,50.4000000,51.0000000,320
20170725,000000,52.0000000,52.7000000,51.3000000,52.4000000,240
20170727,000000,51.9000000,53.4000000,51.9000000,53.4000000,210
20170728,000000,52.3000000,52.3000000,50.0000000,51.1000000,2170
20170731,000000,50.2000000,50.9000000,49.9000000,50.9000000,180
20170801,000000,50.9000000,51.0000000,50.9000000,51.0000000,240
20170802,000000,50.1000000,53.4000000,50.1000000,53.4000000,1150
20170808,000000,54.0000000,54.1000000,53.0000000,53.0000000,60
20170809,000000,52.7000000,54.8000000,52.0000000,54.2000000,80
20170810,000000,52.1000000,54.0000000,51.6000000,52.9000000,200
20170811,000000,53.3000000,53.4000000,50.9000000,53.2000000,760
20170814,000000,53.4000000,56.8000000,53.1000000,54.9000000,2280
20170815,000000,54.1000000,55.0000000,53.8000000,54.4000000,510
20170816,000000,55.0000000,56.0000000,54.5000000,56.0000000,570
20170817,000000,56.0000000,59.5000000,56.0000000,56.1000000,1190
20170818,000000,56.9000000,59.8000000,55.9000000,57.6000000,310
20170821,000000,58.0000000,59.0000000,58.0000000,58.0000000,50
20170822,000000,57.1000000,57.9000000,55.0000000,56.1000000,450
20170823,000000,55.8000000,55.8000000,55.8000000,55.8000000,10
20170824,000000,55.9000000,59.9000000,52.6000000,56.0000000,730
20170825,000000,56.0000000,56.1000000,53.5000000,53.5000000,330
20170828,000000,53.2000000,55.5000000,53.2000000,54.9000000,220
20170829,000000,54.9000000,54.9000000,54.9000000,54.9000000,10
20170830,000000,55.0000000,55.9000000,54.7000000,55.8000000,80
20170831,000000,56.0000000,56.1000000,56.0000000,56.1000000,120
20170901,000000,54.1000000,60.9000000,54.1000000,58.9000000,2500
20170904,000000,57.1000000,58.1000000,57.1000000,58.0000000,60
20170905,000000,58.0000000,58.8000000,57.4000000,58.5000000,110
20170906,000000,58.3000000,59.5000000,58.3000000,59.5000000,100
20170907,000000,59.0000000,59.1000000,59.0000000,59.0000000,30
20170908,000000,58.2000000,58.9000000,57.0000000,58.0000000,150
20170911,000000,59.2000000,59.2000000,55.6000000,57.6000000,2390
20170912,000000,58.0000000,58.0000000,58.0000000,58.0000000,10
20170913,000000,55.9000000,58.1000000,55.9000000,57.9000000,140
20170915,000000,56.4000000,57.9000000,56.4000000,57.9000000,20
20170918,000000,56.0000000,61.5000000,53.5000000,57.5000000,1340
20170919,000000,58.6000000,58.6000000,57.3000000,57.5000000,870
20170920,000000,57.2000000,57.7000000,57.0000000,57.5000000,120
20170921,000000,55.9000000,60.7000000,51.0000000,53.8000000,2890
20170922,000000,55.7000000,56.8000000,55.2000000,55.9000000,340
20170925,000000,57.0000000,57.1000000,55.5000000,56.0000000,390
20170926,000000,56.5000000,56.6000000,56.1000000,56.6000000,50
20170927,000000,56.0000000,57.0000000,56.0000000,56.8000000,960
20170928,000000,57.0000000,59.0000000,56.3000000,56.9000000,480
20170929,000000,59.9000000,59.9000000,58.0000000,58.0000000,160
20171002,000000,58.0000000,59.0000000,55.6000000,57.0000000,250
20171003,000000,56.4000000,58.0000000,50.9000000,57.0000000,740
20171004,000000,56.4000000,56.7000000,55.1000000,56.0000000,230
20171005,000000,55.7000000,55.7000000,55.7000000,55.7000000,20
20171006,000000,55.5000000,56.6000000,55.5000000,55.5000000,270
20171009,000000,56.9000000,57.0000000,56.0000000,56.7000000,150
20171010,000000,56.4000000,56.7000000,56.3000000,56.3000000,80
20171011,000000,56.3000000,56.3000000,55.8000000,56.0000000,100
20171012,000000,56.2000000,56.2000000,55.3000000,56.2000000,70
20171013,000000,56.4000000,56.9000000,56.4000000,56.8000000,130
20171016,000000,56.7000000,56.9000000,56.7000000,56.9000000,30
20171017,000000,56.9000000,56.9000000,56.9000000,56.9000000,20
20171018,000000,55.5000000,56.0000000,50.8000000,55.5000000,1580
20171019,000000,55.8000000,55.8000000,54.8000000,54.8000000,20
20171020,000000,55.7000000,55.9000000,55.0000000,55.9000000,160
20171023,000000,55.0000000,56.0000000,55.0000000,56.0000000,130
20171024,000000,56.0000000,56.0000000,55.0000000,55.8000000,100
20171025,000000,57.1000000,57.1000000,55.5000000,56.4000000,100
20171026,000000,55.3000000,56.8000000,55.3000000,56.7000000,40
20171027,000000,56.0000000,57.9000000,56.0000000,57.9000000,140
20171030,000000,57.1000000,57.1000000,53.7000000,56.6000000,1250
20171031,000000,57.2000000,57.5000000,55.7000000,57.2000000,710
20171101,000000,57.0000000,57.5000000,57.0000000,57.5000000,3220
20171102,000000,57.5000000,57.5000000,57.1000000,57.1000000,90
20171103,000000,57.8000000,59.0000000,57.8000000,58.2000000,640
20171107,000000,58.3000000,58.9000000,57.5000000,58.9000000,160
20171108,000000,58.0000000,60.3000000,57.8000000,58.4000000,1790
20171109,000000,59.7000000,59.7000000,58.3000000,58.3000000,520
20171110,000000,58.3000000,58.5000000,57.0000000,58.5000000,320
20171113,000000,58.6000000,59.6000000,57.7000000,58.7000000,130
20171114,000000,57.5000000,58.1000000,56.2000000,57.2000000,390
20171115,000000,57.2000000,57.4000000,56.9000000,57.4000000,30
20171116,000000,56.3000000,56.9000000,53.7000000,54.8000000,1030
20171117,000000,54.8000000,54.8000000,53.5000000,54.4000000,120
20171120,000000,54.1000000,54.4000000,54.1000000,54.4000000,150
20171121,000000,54.2000000,54.6000000,54.2000000,54.2000000,100
20171122,000000,54.0000000,54.0000000,52.8000000,53.8000000,1250
20171123,000000,52.9000000,53.7000000,52.2000000,52.2000000,1520
20171124,000000,52.4000000,53.6000000,52.3000000,53.5000000,120
20171127,000000,53.4000000,53.6000000,52.1000000,52.7000000,240
20171128,000000,53.1000000,53.2000000,53.1000000,53.2000000,60
20171129,000000,53.3000000,53.6000000,53.1000000,53.6000000,70
20171130,000000,53.6000000,53.8000000,53.6000000,53.6000000,180
20171201,000000,53.1000000,53.1000000,53.1000000,53.1000000,20
20171204,000000,54.3000000,54.3000000,51.6000000,53.0000000,420
20171205,000000,52.1000000,53.2000000,51.6000000,52.4000000,390
20171206,000000,51.7000000,52.5000000,51.2000000,51.2000000,180
20171207,000000,51.5000000,52.9000000,51.5000000,52.9000000,1170
20171208,000000,51.7000000,52.7000000,51.7000000,52.7000000,40
20171211,000000,52.8000000,52.8000000,52.8000000,52.8000000,10
20171212,000000,52.1000000,52.9000000,52.1000000,52.9000000,30
20171213,000000,52.0000000,52.3000000,51.3000000,51.6000000,150
20171214,000000,52.4000000,52.9000000,52.4000000,52.9000000,180
20171215,000000,52.2000000,56.0000000,52.2000000,54.7000000,780
20171218,000000,54.0000000,54.0000000,53.2000000,53.2000000,50
20171219,000000,54.9000000,57.0000000,54.9000000,56.9000000,1570
20171220,000000,56.1000000,56.8000000,55.8000000,56.0000000,460
20171221,000000,56.7000000,56.7000000,56.0000000,56.0000000,40
20171222,000000,57.1000000,57.1000000,56.1000000,56.1000000,70
20171225,000000,55.0000000,55.0000000,54.4000000,55.0000000,260
20171226,000000,54.0000000,54.9000000,53.9000000,54.8000000,630
20171227,000000,54.1000000,54.6000000,53.6000000,54.6000000,170
20180103,000000,53.7000000,53.7000000,53.7000000,53.7000000,10
20180104,000000,54.5000000,54.5000000,54.5000000,54.5000000,30
20180109,000000,55.8000000,56.9000000,55.7000000,56.0000000,120
20180110,000000,56.0000000,57.9000000,56.0000000,56.0000000,1120
20180111,000000,55.9000000,56.9000000,55.9000000,56.9000000,210
20180112,000000,57.0000000,57.3000000,56.8000000,57.0000000,80
20180115,000000,57.1000000,57.9000000,57.1000000,57.1000000,150
20180116,000000,56.9000000,58.9000000,56.9000000,58.9000000,2000
20180117,000000,57.4000000,60.0000000,57.4000000,58.5000000,1540
20180118,000000,60.0000000,61.0000000,59.0000000,60.0000000,1870
20180119,000000,61.0000000,61.7000000,58.1000000,59.5000000,580
20180122,000000,58.4000000,58.9000000,58.2000000,58.9000000,330
20180123,000000,59.1000000,59.9000000,59.0000000,59.9000000,270
20180124,000000,58.5000000,58.5000000,57.5000000,57.6000000,710
20180125,000000,57.6000000,59.7000000,57.6000000,59.7000000,1340
20180126,000000,60.0000000,60.1000000,60.0000000,60.0000000,2720
20180129,000000,59.4000000,59.9000000,59.3000000,59.3000000,120
20180130,000000,59.0000000,59.0000000,58.0000000,58.9000000,50
20180131,000000,58.4000000,58.5000000,58.2000000,58.5000000,520
20180201,000000,58.1000000,58.4000000,53.4000000,56.7000000,1480
20180202,000000,57.1000000,57.1000000,57.0000000,57.0000000,70
20180205,000000,56.5000000,56.5000000,56.5000000,56.5000000,250
20180206,000000,56.7000000,56.7000000,56.2000000,56.3000000,450
20180207,000000,57.2000000,57.2000000,57.2000000,57.2000000,10
20180208,000000,58.0000000,58.0000000,58.0000000,58.0000000,30
20180209,000000,57.0000000,57.0000000,56.4000000,56.6000000,200
20180212,000000,56.6000000,56.7000000,55.9000000,56.6000000,210
20180213,000000,58.0000000,58.0000000,57.2000000,57.2000000,540
20180214,000000,56.7000000,56.8000000,56.0000000,56.7000000,160
20180215,000000,56.6000000,57.0000000,56.6000000,57.0000000,3070
20180216,000000,57.0000000,57.0000000,55.6000000,56.2000000,340
20180219,000000,56.9000000,58.2000000,55.6000000,56.5000000,150
20180220,000000,55.8000000,56.0000000,54.0000000,55.9000000,450
20180221,000000,55.6000000,55.7000000,55.0000000,55.7000000,280
20180222,000000,56.0000000,57.7000000,55.1000000,57.7000000,1570
20180226,000000,56.3000000,57.8000000,56.2000000,57.8000000,60
20180228,000000,56.7000000,56.7000000,56.0000000,56.7000000,500
20180301,000000,55.5000000,56.8000000,55.5000000,56.8000000,20
20180302,000000,55.1000000,58.0000000,55.1000000,57.6000000,1170
20180305,000000,57.0000000,58.0000000,57.0000000,57.1000000,1210
20180306,000000,57.1000000,57.1000000,57.1000000,57.1000000,10
20180307,000000,57.0000000,57.1000000,56.3000000,57.1000000,280
20180309,000000,58.2000000,58.2000000,57.9000000,57.9000000,50
20180312,000000,57.9000000,58.9000000,57.9000000,58.3000000,790
20180314,000000,57.1000000,57.1000000,57.1000000,57.1000000,50
20180315,000000,57.1000000,60.8000000,56.9000000,57.9000000,1780
20180316,000000,56.9000000,57.0000000,56.0000000,57.0000000,300
20180319,000000,56.1000000,56.4000000,53.8000000,55.5000000,550
20180320,000000,55.6000000,56.8000000,55.1000000,55.9000000,910
20180321,000000,55.4000000,56.0000000,55.3000000,56.0000000,210
20180322,000000,54.4000000,61.3000000,54.4000000,58.0000000,1320
20180323,000000,57.1000000,57.9000000,57.0000000,57.9000000,140
20180326,000000,55.1000000,57.9000000,54.7000000,56.1000000,290
20180327,000000,55.8000000,55.8000000,55.2000000,55.2000000,250
20180328,000000,55.3000000,57.0000000,55.2000000,56.5000000,930
20180329,000000,57.0000000,60.0000000,56.5000000,56.5000000,2940
20180330,000000,58.0000000,58.0000000,58.0000000,58.0000000,10
20180402,000000,59.2000000,60.5000000,58.0000000,58.0000000,1520
20180403,000000,59.4000000,59.5000000,59.4000000,59.5000000,310
20180405,000000,58.7000000,60.3000000,58.1000000,59.0000000,350
20180406,000000,59.1000000,59.1000000,59.1000000,59.1000000,20
20180409,000000,59.9000000,59.9000000,56.3000000,56.9000000,320
20180410,000000,56.5000000,60.0000000,55.3000000,59.0000000,270
20180411,000000,56.0000000,56.0000000,56.0000000,56.0000000,120
20180412,000000,57.9000000,57.9000000,57.0000000,57.0000000,40
20180413,000000,57.0000000,57.5000000,57.0000000,57.5000000,140
20180416,000000,57.0000000,57.0000000,57.0000000,57.0000000,10
20180418,000000,56.3000000,57.3000000,56.3000000,57.3000000,40
20180419,000000,57.1000000,57.9000000,57.1000000,57.8000000,530
20180420,000000,58.0000000,58.0000000,58.0000000,58.0000000,20
20180423,000000,58.8000000,61.8000000,58.4000000,60.1000000,1610
20180424,000000,61.6000000,62.0000000,59.2000000,60.5000000,1490
20180425,000000,60.2000000,60.2000000,59.6000000,59.6000000,50
20180426,000000,60.6000000,60.6000000,58.0000000,58.0000000,670
20180427,000000,58.9000000,59.0000000,57.0000000,58.5000000,1020
20180428,000000,57.3000000,58.4000000,57.3000000,58.4000000,530
20180430,000000,59.0000000,59.0000000,59.0000000,59.0000000,10
20180502,000000,58.2000000,59.9000000,58.2000000,59.4000000,250
20180503,000000,59.0000000,59.0000000,59.0000000,59.0000000,10
20180507,000000,58.8000000,60.5000000,58.8000000,60.0000000,510
20180510,000000,59.0000000,59.0000000,59.0000000,59.0000000,10
20180511,000000,59.2000000,59.2000000,59.0000000,59.0000000,30
20180514,000000,59.8000000,60.0000000,59.8000000,60.0000000,170
20180515,000000,59.2000000,59.2000000,59.0000000,59.0000000,20
20180516,000000,58.0000000,62.0000000,57.0000000,60.5000000,1000
20180517,000000,59.0000000,59.0000000,59.0000000,59.0000000,20
20180518,000000,59.8000000,59.8000000,59.8000000,59.8000000,10
20180522,000000,58.1000000,58.1000000,58.1000000,58.1000000,120
20180523,000000,59.1000000,70.4000000,57.1000000,60.0000000,5060
20180524,000000,58.8000000,59.9000000,58.8000000,59.9000000,340
20180528,000000,58.1000000,59.4000000,57.0000000,59.4000000,760
20180529,000000,57.1000000,58.0000000,57.1000000,57.2000000,750
20180530,000000,57.5000000,58.0000000,57.5000000,58.0000000,40
20180531,000000,57.3000000,58.0000000,57.3000000,58.0000000,40
20180601,000000,57.3000000,57.3000000,57.3000000,57.3000000,50
20180604,000000,58.1000000,58.1000000,57.4000000,57.4000000,170
20180606,000000,57.5000000,59.7000000,57.5000000,59.7000000,1330
20180607,000000,57.6000000,60.9000000,57.6000000,59.9000000,160
20180608,000000,60.0000000,60.6000000,59.9000000,59.9000000,810
20180609,000000,59.1000000,59.1000000,59.1000000,59.1000000,20
20180611,000000,57.3000000,58.0000000,57.3000000,57.5000000,30
20180613,000000,59.0000000,59.0000000,58.0000000,58.9000000,70
20180614,000000,59.4000000,59.4000000,59.4000000,59.4000000,10
20180619,000000,58.0000000,58.0000000,57.4000000,57.4000000,20
20180620,000000,57.5000000,58.0000000,57.5000000,58.0000000,180
20180621,000000,58.0000000,58.0000000,58.0000000,58.0000000,10
20180622,000000,58.0000000,58.0000000,58.0000000,58.0000000,20
20180625,000000,57.2000000,57.3000000,57.2000000,57.3000000,100
20180626,000000,57.3000000,57.3000000,57.1000000,57.1000000,220
20180627,000000,57.1000000,58.2000000,57.1000000,58.2000000,80
20180628,000000,57.1000000,57.1000000,56.5000000,57.0000000,330
20180629,000000,57.0000000,57.0000000,56.5000000,56.5000000,180
20180702,000000,56.5000000,57.0000000,56.1000000,57.0000000,110
20180703,000000,57.0000000,57.0000000,57.0000000,57.0000000,50
20180704,000000,56.0000000,56.0000000,56.0000000,56.0000000,80
20180706,000000,56.0000000,56.0000000,56.0000000,56.0000000,70
20180709,000000,57.4000000,57.4000000,57.4000000,57.4000000,20
20180710,000000,57.4000000,57.4000000,55.2000000,55.2000000,870
20180711,000000,55.4000000,55.4000000,55.4000000,55.4000000,10
20180712,000000,55.3000000,56.0000000,54.3000000,56.0000000,220
20180717,000000,57.0000000,57.0000000,57.0000000,57.0000000,10
20180718,000000,57.0000000,57.0000000,57.0000000,57.0000000,10
20180719,000000,55.5000000,56.0000000,55.0000000,56.0000000,230
20180720,000000,57.0000000,58.0000000,54.4000000,56.0000000,420
20180723,000000,56.0000000,56.0000000,56.0000000,56.0000000,50
20180724,000000,55.0000000,56.0000000,55.0000000,56.0000000,220
20180725,000000,56.0000000,56.0000000,55.0000000,56.0000000,70
20180726,000000,56.0000000,57.0000000,56.0000000,57.0000000,270
20180727,000000,57.0000000,57.0000000,57.0000000,57.0000000,150
20180730,000000,57.5000000,59.8000000,57.5000000,59.8000000,100
20180801,000000,57.0000000,57.2000000,57.0000000,57.0000000,670
20180802,000000,57.0000000,57.0000000,56.0000000,56.0000000,60
20180807,000000,55.4000000,58.0000000,55.4000000,56.0000000,190
20180808,000000,57.0000000,57.0000000,56.0000000,56.0000000,40
20180814,000000,57.0000000,57.0000000,55.0000000,56.8000000,120
20180815,000000,55.2000000,56.0000000,55.0000000,55.0000000,140
20180816,000000,54.4000000,54.4000000,54.4000000,54.4000000,10
20180817,000000,54.2000000,54.2000000,54.2000000,54.2000000,30
20180820,000000,54.2000000,55.4000000,54.2000000,55.4000000,80
20180821,000000,55.4000000,57.0000000,54.0000000,56.8000000,260
20180823,000000,56.0000000,56.0000000,56.0000000,56.0000000,10
20180824,000000,54.0000000,54.0000000,53.2000000,53.2000000,50
20180827,000000,53.2000000,55.0000000,53.2000000,55.0000000,40
20180828,000000,56.0000000,56.0000000,56.0000000,56.0000000,30
20180830,000000,55.2000000,58.0000000,51.8000000,54.0000000,1540
20180831,000000,54.8000000,54.8000000,54.8000000,54.8000000,10
20180903,000000,53.0000000,54.0000000,53.0000000,53.8000000,190
20180904,000000,54.0000000,54.0000000,54.0000000,54.0000000,10
20180905,000000,54.8000000,55.0000000,54.0000000,54.0000000,200
20180907,000000,53.8000000,53.8000000,53.8000000,53.8000000,10
20180910,000000,53.0000000,53.4000000,52.8000000,53.4000000,210
20180911,000000,52.4000000,53.8000000,52.4000000,53.8000000,80
20180912,000000,55.0000000,55.0000000,55.0000000,55.0000000,20
20180913,000000,53.0000000,54.0000000,51.6000000,53.0000000,280
20180914,000000,52.4000000,52.4000000,52.0000000,52.0000000,100
20180917,000000,53.0000000,55.0000000,52.0000000,54.2000000,240
20180918,000000,54.2000000,55.0000000,54.2000000,55.0000000,1050
20180919,000000,52.2000000,56.4000000,52.2000000,56.4000000,30
20180920,000000,57.4000000,62.0000000,56.0000000,57.6000000,680
20180921,000000,58.8000000,60.2000000,58.8000000,60.0000000,100
20180924,000000,61.8000000,63.8000000,59.0000000,59.0000000,140
20180925,000000,60.0000000,61.0000000,58.0000000,58.0000000,110
20180926,000000,57.2000000,58.0000000,57.2000000,58.0000000,20
20180927,000000,55.8000000,55.8000000,55.8000000,55.8000000,490
20180928,000000,58.2000000,60.0000000,58.0000000,58.2000000,870
20181001,000000,58.2000000,58.2000000,58.0000000,58.0000000,90
20181002,000000,58.0000000,58.0000000,58.0000000,58.0000000,450
20181003,000000,60.0000000,60.6000000,60.0000000,60.0000000,1350
20181004,000000,61.8000000,61.8000000,58.4000000,59.0000000,360
20181005,000000,60.4000000,61.0000000,59.0000000,60.0000000,400
20181008,000000,60.8000000,60.8000000,58.4000000,60.0000000,120
20181009,000000,60.6000000,61.4000000,60.6000000,61.0000000,200
20181010,000000,60.0000000,60.6000000,59.8000000,59.8000000,50
20181011,000000,58.4000000,59.8000000,58.2000000,59.8000000,70
20181012,000000,58.2000000,58.2000000,58.2000000,58.2000000,220
20181015,000000,59.2000000,59.2000000,58.0000000,58.0000000,240
20181016,000000,59.8000000,60.0000000,54.4000000,59.0000000,870
20181017,000000,59.4000000,59.4000000,58.4000000,58.4000000,110
20181018,000000,59.6000000,59.8000000,59.0000000,59.0000000,220
20181019,000000,59.0000000,60.0000000,58.2000000,60.0000000,500
20181022,000000,59.2000000,61.6000000,58.8000000,60.4000000,760
20181023,000000,60.4000000,60.4000000,60.4000000,60.4000000,10
20181024,000000,60.6000000,60.6000000,60.0000000,60.0000000,30
20181025,000000,60.6000000,60.8000000,60.6000000,60.8000000,120
20181026,000000,61.4000000,61.6000000,61.4000000,61.6000000,70
20181029,000000,61.0000000,62.8000000,60.0000000,61.0000000,240
20181030,000000,62.0000000,62.8000000,60.6000000,61.8000000,270
20181031,000000,62.4000000,62.8000000,61.4000000,62.6000000,80
20181101,000000,62.6000000,62.6000000,61.8000000,61.8000000,30
20181102,000000,61.8000000,61.8000000,61.8000000,61.8000000,10
20181106,000000,61.4000000,63.0000000,61.4000000,62.4000000,540
20181107,000000,62.4000000,62.4000000,60.8000000,60.8000000,230
20181108,000000,56.8000000,61.0000000,56.8000000,60.6000000,340
20181109,000000,61.4000000,61.4000000,61.2000000,61.2000000,110
20181112,000000,61.4000000,61.4000000,61.4000000,61.4000000,50
20181113,000000,62.6000000,62.6000000,62.6000000,62.6000000,20
20181114,000000,62.4000000,63.0000000,62.0000000,62.0000000,110
20181115,000000,63.0000000,63.0000000,63.0000000,63.0000000,10
20181116,000000,62.4000000,62.8000000,62.4000000,62.8000000,460
20181119,000000,61.2000000,63.0000000,61.0000000,63.0000000,120
20181120,000000,63.0000000,63.0000000,63.0000000,63.0000000,820
20181121,000000,61.2000000,61.6000000,61.2000000,61.6000000,20
20181122,000000,63.2000000,63.2000000,60.6000000,60.6000000,90
20181123,000000,63.0000000,63.0000000,63.0000000,63.0000000,40
20181126,000000,62.0000000,62.0000000,61.0000000,61.0000000,150
20181127,000000,63.2000000,63.2000000,63.2000000,63.2000000,20
20181128,000000,62.0000000,62.0000000,60.6000000,61.8000000,50
20181129,000000,61.6000000,61.8000000,61.6000000,61.8000000,40
20181130,000000,60.2000000,61.6000000,57.0000000,61.6000000,1020
20181203,000000,60.4000000,61.6000000,60.4000000,60.6000000,170
20181205,000000,61.6000000,61.8000000,61.6000000,61.8000000,640
20181210,000000,59.2000000,61.8000000,59.2000000,61.8000000,40
20181211,000000,59.2000000,60.4000000,58.8000000,58.8000000,380
20181213,000000,61.0000000,61.8000000,61.0000000,61.8000000,200
20181214,000000,62.0000000,63.0000000,59.0000000,59.0000000,380
20181217,000000,61.0000000,64.0000000,61.0000000,63.0000000,240
20181218,000000,61.0000000,62.0000000,59.0000000,62.0000000,2560
20181219,000000,60.2000000,62.2000000,60.2000000,62.2000000,150
20181220,000000,61.0000000,61.0000000,58.2000000,60.6000000,550
20181221,000000,59.2000000,59.2000000,58.4000000,58.4000000,150
20181224,000000,59.6000000,60.0000000,59.6000000,59.8000000,130
20181225,000000,59.6000000,60.0000000,59.6000000,60.0000000,270
20181226,000000,58.8000000,58.8000000,58.6000000,58.6000000,20
20181227,000000,59.0000000,59.0000000,59.0000000,59.0000000,10
20181228,000000,58.4000000,59.2000000,58.2000000,59.2000000,920
20190108,000000,58.4000000,58.6000000,58.4000000,58.6000000,80
20190109,000000,59.8000000,61.4000000,59.8000000,61.4000000,140
20190110,000000,61.4000000,61.4000000,60.0000000,60.0000000,230
20190111,000000,60.8000000,60.8000000,60.4000000,60.8000000,100
20190114,000000,57.0000000,60.0000000,56.2000000,59.8000000,1440
20190115,000000,60.0000000,60.6000000,60.0000000,60.6000000,310
20190116,000000,60.8000000,60.8000000,59.4000000,60.8000000,80
20190118,000000,60.0000000,60.4000000,60.0000000,60.4000000,2530
20190121,000000,60.6000000,60.6000000,60.6000000,60.6000000,250
20190122,000000,60.6000000,60.6000000,59.0000000,60.0000000,690
20190123,000000,59.0000000,60.0000000,57.6000000,59.6000000,7520
20190124,000000,60.0000000,60.0000000,57.0000000,58.0000000,2300
20190125,000000,58.6000000,59.0000000,54.6000000,56.0000000,21640
20190128,000000,55.0000000,55.2000000,53.0000000,54.2000000,123090
20190129,000000,55.0000000,60.0000000,54.6000000,59.0000000,128250
20190130,000000,58.6000000,59.2000000,58.2000000,59.0000000,40850
20190131,000000,58.8000000,59.0000000,58.6000000,58.6000000,21410
20190201,000000,58.6000000,59.0000000,58.6000000,59.0000000,340
20190204,000000,59.0000000,59.4000000,58.6000000,59.0000000,120
20190205,000000,58.2000000,59.6000000,58.2000000,58.4000000,1780
20190206,000000,60.0000000,60.0000000,59.2000000,59.4000000,2700
20190207,000000,59.4000000,59.6000000,59.4000000,59.4000000,1010
20190208,000000,59.4000000,59.8000000,59.4000000,59.8000000,1100
20190211,000000,59.8000000,59.8000000,59.4000000,59.4000000,40
20190212,000000,59.6000000,59.8000000,59.6000000,59.8000000,11490
20190213,000000,60.0000000,60.0000000,59.6000000,59.6000000,220
20190214,000000,59.6000000,60.0000000,59.6000000,59.6000000,520
20190215,000000,60.0000000,60.0000000,59.6000000,59.8000000,20580
20190218,000000,59.8000000,60.0000000,59.8000000,60.0000000,250
20190219,000000,60.0000000,61.0000000,60.0000000,60.0000000,580
20190220,000000,60.0000000,60.0000000,60.0000000,60.0000000,210
20190221,000000,60.2000000,60.2000000,58.2000000,60.0000000,270
20190222,000000,60.0000000,60.0000000,58.6000000,59.8000000,230
20190225,000000,58.2000000,58.8000000,57.8000000,58.6000000,4560
20190226,000000,57.6000000,58.4000000,57.6000000,58.4000000,430
20190227,000000,58.0000000,58.4000000,57.4000000,57.4000000,830
20190228,000000,58.0000000,58.0000000,56.4000000,57.2000000,190
20190301,000000,56.4000000,56.4000000,56.0000000,56.0000000,1160
20190304,000000,55.8000000,56.0000000,55.2000000,55.8000000,1000
20190305,000000,58.4000000,58.4000000,55.4000000,56.4000000,190
20190306,000000,57.6000000,57.6000000,56.2000000,56.2000000,290
20190307,000000,56.0000000,56.2000000,55.6000000,55.6000000,470
20190311,000000,55.8000000,56.0000000,55.8000000,56.0000000,160
20190312,000000,56.2000000,56.6000000,55.8000000,55.8000000,230
20190313,000000,58.6000000,59.8000000,57.0000000,58.0000000,770
20190314,000000,57.0000000,58.0000000,56.0000000,56.0000000,1210
20190315,000000,56.6000000,57.0000000,55.6000000,57.0000000,230
20190318,000000,57.0000000,57.8000000,55.6000000,57.8000000,480
20190319,000000,57.8000000,58.8000000,56.2000000,57.8000000,760
20190320,000000,57.8000000,57.8000000,56.8000000,57.6000000,700
20190321,000000,57.4000000,57.6000000,56.8000000,57.4000000,360
20190322,000000,57.8000000,58.2000000,57.6000000,57.6000000,730
20190325,000000,57.0000000,57.0000000,57.0000000,57.0000000,120
20190326,000000,57.0000000,57.0000000,57.0000000,57.0000000,10
20190327,000000,57.8000000,57.8000000,56.8000000,57.4000000,470
20190328,000000,58.4000000,58.4000000,56.6000000,57.0000000,130
20190329,000000,58.0000000,58.0000000,57.6000000,57.6000000,260
20190401,000000,57.6000000,58.0000000,57.4000000,57.4000000,130
20190402,000000,57.4000000,57.8000000,57.4000000,57.6000000,230
20190403,000000,57.4000000,57.4000000,57.4000000,57.4000000,60
20190405,000000,56.6000000,57.8000000,56.6000000,57.4000000,350
20190408,000000,57.2000000,57.2000000,56.4000000,56.6000000,370
20190409,000000,56.6000000,56.6000000,56.4000000,56.4000000,750
20190410,000000,56.0000000,57.0000000,54.0000000,57.0000000,1580
20190411,000000,57.2000000,58.0000000,57.0000000,57.8000000,390
20190415,000000,57.0000000,58.0000000,54.8000000,56.4000000,13750
20190416,000000,57.2000000,57.2000000,56.2000000,56.2000000,710
20190417,000000,56.0000000,56.4000000,56.0000000,56.4000000,170
20190418,000000,56.4000000,56.4000000,56.0000000,56.0000000,4930
20190419,000000,56.0000000,56.8000000,55.0000000,56.8000000,330
20190422,000000,56.2000000,57.0000000,55.2000000,56.2000000,680
20190423,000000,56.2000000,56.4000000,55.6000000,56.0000000,190
20190424,000000,56.2000000,56.4000000,56.2000000,56.4000000,50
20190425,000000,56.2000000,56.6000000,56.0000000,56.0000000,210
20190426,000000,55.8000000,57.0000000,55.2000000,56.0000000,330
20190429,000000,56.8000000,57.0000000,56.0000000,56.4000000,320
20190430,000000,57.2000000,57.2000000,55.0000000,56.4000000,320
20190502,000000,55.4000000,55.4000000,55.4000000,55.4000000,10
20190503,000000,56.0000000,59.0000000,56.0000000,56.0000000,860
20190506,000000,56.0000000,56.4000000,56.0000000,56.4000000,450
20190507,000000,57.0000000,57.0000000,56.0000000,56.4000000,140
20190508,000000,55.8000000,56.2000000,55.2000000,56.2000000,60
20190510,000000,56.4000000,56.4000000,55.6000000,55.6000000,40
20190513,000000,55.4000000,55.4000000,55.4000000,55.4000000,20
20190514,000000,55.6000000,55.6000000,54.8000000,54.8000000,420
20190515,000000,55.2000000,57.0000000,55.2000000,55.6000000,90
20190516,000000,55.4000000,55.6000000,54.0000000,55.2000000,580
20190517,000000,55.0000000,55.4000000,55.0000000,55.0000000,110
20190520,000000,54.0000000,56.0000000,54.0000000,55.6000000,190
20190521,000000,55.0000000,56.0000000,54.6000000,55.0000000,150
20190522,000000,56.0000000,56.0000000,55.6000000,55.6000000,70
20190523,000000,56.0000000,56.0000000,55.2000000,56.0000000,160
20190527,000000,55.8000000,55.8000000,55.4000000,55.4000000,20
20190528,000000,55.4000000,55.4000000,55.0000000,55.0000000,280
20190529,000000,54.8000000,55.6000000,54.6000000,55.6000000,180
20190530,000000,55.6000000,56.0000000,55.0000000,56.0000000,70
20190531,000000,55.8000000,56.2000000,55.2000000,56.2000000,400
20190603,000000,56.8000000,56.8000000,55.8000000,55.8000000,100
20190604,000000,56.8000000,57.8000000,56.8000000,57.8000000,120
20190605,000000,56.2000000,56.6000000,56.0000000,56.6000000,50
20190606,000000,57.0000000,58.0000000,57.0000000,57.0000000,40
20190607,000000,56.0000000,56.4000000,56.0000000,56.0000000,1100
20190610,000000,57.0000000,57.0000000,57.0000000,57.0000000,20
20190611,000000,57.8000000,57.8000000,56.2000000,56.6000000,210
20190613,000000,58.0000000,58.8000000,56.6000000,57.0000000,370
20190614,000000,57.0000000,57.4000000,56.4000000,57.4000000,300
20190617,000000,57.2000000,57.2000000,56.2000000,57.2000000,280
20190618,000000,57.8000000,58.2000000,57.0000000,57.0000000,360
20190619,000000,58.0000000,58.0000000,56.8000000,56.8000000,460
20190620,000000,57.6000000,58.0000000,56.8000000,57.6000000,600
20190621,000000,57.4000000,57.6000000,57.2000000,57.4000000,100
20190624,000000,56.4000000,58.0000000,56.4000000,57.0000000,420
20190625,000000,58.0000000,58.0000000,57.0000000,57.8000000,110
20190626,000000,57.0000000,58.6000000,56.6000000,57.8000000,690
20190627,000000,57.2000000,57.6000000,57.2000000,57.4000000,180
20190628,000000,58.0000000,58.0000000,57.2000000,57.4000000,450
20190701,000000,57.2000000,57.8000000,57.0000000,57.0000000,560
20190702,000000,58.2000000,58.2000000,58.0000000,58.0000000,50
20190703,000000,57.8000000,57.8000000,56.8000000,57.8000000,1990
20190704,000000,57.8000000,58.6000000,57.4000000,57.4000000,400
20190705,000000,56.2000000,61.4000000,56.0000000,59.4000000,4590
20190708,000000,59.6000000,60.6000000,59.0000000,59.8000000,890
20190709,000000,59.2000000,60.0000000,59.2000000,60.0000000,390
20190710,000000,59.0000000,60.0000000,58.6000000,60.0000000,70
20190711,000000,59.8000000,59.8000000,58.6000000,58.6000000,100
20190712,000000,59.6000000,60.0000000,59.2000000,60.0000000,230
20190715,000000,58.8000000,61.0000000,58.8000000,59.6000000,3120
20190716,000000,60.6000000,61.0000000,59.6000000,59.6000000,510
20190717,000000,60.0000000,60.2000000,59.0000000,60.2000000,160
20190718,000000,58.8000000,60.0000000,58.4000000,60.0000000,2750
20190719,000000,60.0000000,62.0000000,58.8000000,61.8000000,4440
20190722,000000,60.8000000,61.6000000,57.8000000,60.0000000,4650
20190724,000000,60.0000000,60.8000000,60.0000000,60.8000000,280
20190725,000000,60.4000000,60.4000000,59.2000000,60.0000000,250
20190726,000000,60.0000000,60.0000000,59.4000000,59.4000000,40
20190729,000000,60.0000000,60.6000000,59.6000000,60.4000000,230
20190730,000000,59.2000000,61.6000000,59.2000000,61.2000000,300
20190731,000000,60.2000000,60.6000000,59.0000000,60.6000000,340
20190801,000000,59.4000000,60.6000000,59.4000000,60.6000000,30
20190802,000000,59.2000000,60.4000000,59.0000000,59.0000000,510
20190805,000000,58.8000000,63.0000000,58.0000000,61.0000000,3940
20190806,000000,60.6000000,61.4000000,59.6000000,59.8000000,410
20190807,000000,59.4000000,61.0000000,59.2000000,61.0000000,1420
20190808,000000,61.0000000,61.0000000,59.6000000,60.6000000,400
20190809,000000,60.0000000,60.4000000,59.2000000,59.8000000,270
20190812,000000,60.0000000,60.0000000,60.0000000,60.0000000,60
20190813,000000,59.0000000,60.0000000,58.2000000,59.8000000,260
20190814,000000,59.2000000,60.6000000,55.8000000,57.4000000,2120
20190815,000000,57.4000000,58.0000000,56.0000000,58.0000000,3350
20190816,000000,58.0000000,58.8000000,57.2000000,58.8000000,100
20190819,000000,57.2000000,58.2000000,57.2000000,58.2000000,230
20190820,000000,63.8000000,63.8000000,57.2000000,58.6000000,340
20190821,000000,57.2000000,59.0000000,57.0000000,59.0000000,130
20190822,000000,60.0000000,60.0000000,58.6000000,58.6000000,180
20190823,000000,58.6000000,58.6000000,58.6000000,58.6000000,20
20190826,000000,57.4000000,59.0000000,57.4000000,58.4000000,140
20190827,000000,57.8000000,59.0000000,57.8000000,58.8000000,50
20190828,000000,59.8000000,60.0000000,58.0000000,58.0000000,330
20190829,000000,59.8000000,59.8000000,58.6000000,58.6000000,320
20190830,000000,59.6000000,59.8000000,59.4000000,59.4000000,160
20190902,000000,58.8000000,60.0000000,58.8000000,59.0000000,290
20190903,000000,58.6000000,59.6000000,58.6000000,58.8000000,40
20190904,000000,59.2000000,66.0000000,59.2000000,59.4000000,3780
20190905,000000,61.4000000,62.6000000,59.0000000,59.4000000,1590
20190906,000000,59.8000000,60.4000000,59.8000000,59.8000000,70
20190909,000000,60.8000000,60.8000000,59.0000000,59.0000000,460
20190910,000000,60.2000000,60.8000000,59.2000000,59.8000000,150
20190911,000000,60.8000000,62.0000000,59.6000000,60.0000000,2450
20190912,000000,61.0000000,61.2000000,59.4000000,61.2000000,360
20190913,000000,62.6000000,62.6000000,58.2000000,60.2000000,1810
20190916,000000,58.8000000,60.0000000,58.8000000,59.8000000,110
20190917,000000,59.6000000,60.0000000,59.6000000,60.0000000,120
20190918,000000,60.4000000,60.4000000,59.4000000,59.4000000,1760
20190919,000000,60.0000000,60.0000000,60.0000000,60.0000000,790
20190920,000000,59.8000000,59.8000000,59.4000000,59.4000000,80
20190923,000000,59.0000000,59.0000000,58.8000000,58.8000000,430
20190925,000000,59.4000000,59.8000000,58.8000000,59.8000000,120
20190926,000000,59.4000000,59.4000000,59.4000000,59.4000000,20
20190930,000000,59.4000000,60.2000000,59.2000000,59.2000000,510
20191001,000000,59.6000000,59.6000000,59.2000000,59.2000000,200
20191002,000000,58.2000000,59.8000000,58.2000000,59.0000000,80
20191003,000000,59.0000000,60.0000000,59.0000000,59.6000000,120
20191004,000000,60.0000000,61.8000000,59.0000000,61.0000000,3350
20191007,000000,61.6000000,61.6000000,60.2000000,60.2000000,400
20191008,000000,60.0000000,60.6000000,59.6000000,60.6000000,290
20191009,000000,59.8000000,59.8000000,59.8000000,59.8000000,70
20191010,000000,60.0000000,60.0000000,53.6000000,58.4000000,1160
20191011,000000,59.2000000,59.2000000,58.0000000,58.0000000,360
20191014,000000,58.2000000,58.2000000,57.0000000,57.0000000,210
20191015,000000,57.6000000,57.6000000,56.4000000,57.0000000,480
20191016,000000,56.2000000,57.8000000,56.2000000,57.0000000,550
20191017,000000,57.6000000,62.0000000,57.0000000,61.0000000,1780
20191018,000000,60.8000000,61.2000000,60.2000000,60.4000000,230
20191021,000000,61.8000000,61.8000000,60.0000000,60.0000000,20
20191022,000000,59.8000000,60.4000000,50.4000000,59.2000000,3180
20191023,000000,59.0000000,59.6000000,58.2000000,58.4000000,330
20191024,000000,59.4000000,59.4000000,58.0000000,58.0000000,410
20191025,000000,58.8000000,59.6000000,58.8000000,59.6000000,190
20191028,000000,58.2000000,59.2000000,58.0000000,59.2000000,200
20191029,000000,59.4000000,59.4000000,58.0000000,58.0000000,110
20191030,000000,58.0000000,59.4000000,57.8000000,57.8000000,470
20191031,000000,60.0000000,60.0000000,59.0000000,59.0000000,470
20191101,000000,59.2000000,59.8000000,58.6000000,58.6000000,110
20191105,000000,58.0000000,59.8000000,57.0000000,59.6000000,1700
20191106,000000,59.4000000,59.4000000,58.4000000,59.4000000,50
20191107,000000,58.4000000,59.6000000,58.4000000,58.8000000,90
20191111,000000,58.4000000,59.2000000,58.2000000,59.2000000,280
20191112,000000,58.2000000,58.8000000,58.2000000,58.8000000,150
20191113,000000,58.0000000,60.4000000,57.8000000,59.2000000,750
20191114,000000,60.0000000,60.0000000,59.0000000,59.8000000,80
20191115,000000,59.8000000,61.0000000,59.8000000,60.0000000,620
20191118,000000,59.8000000,59.8000000,59.2000000,59.2000000,90
20191119,000000,59.0000000,59.2000000,59.0000000,59.2000000,110
20191120,000000,59.4000000,59.4000000,59.4000000,59.4000000,120
20191121,000000,59.2000000,59.8000000,59.0000000,59.8000000,380
20191122,000000,59.4000000,59.8000000,58.6000000,59.8000000,200
20191125,000000,61.0000000,61.0000000,57.2000000,58.6000000,5230
20191126,000000,58.2000000,59.0000000,57.6000000,59.0000000,180
20191127,000000,58.2000000,59.6000000,58.2000000,59.6000000,480
20191128,000000,59.4000000,59.4000000,59.4000000,59.4000000,10
20191129,000000,58.6000000,59.6000000,58.6000000,59.6000000,80
20191202,000000,59.6000000,59.6000000,58.6000000,59.0000000,890
20191203,000000,59.6000000,61.0000000,58.8000000,60.6000000,1570
20191204,000000,60.0000000,60.0000000,58.2000000,60.0000000,810
20191205,000000,59.0000000,59.4000000,59.0000000,59.4000000,1200
20191206,000000,58.4000000,59.0000000,58.4000000,59.0000000,100
20191209,000000,59.2000000,61.2000000,58.2000000,59.8000000,2380
20191210,000000,59.2000000,83.6000000,59.2000000,83.6000000,29610
20191211,000000,87.0000000,92.0000000,74.0000000,78.0000000,36960
20191212,000000,77.0000000,80.8000000,74.2000000,77.6000000,6600
20191213,000000,77.8000000,80.0000000,75.0000000,78.6000000,6910
20191216,000000,77.8000000,78.8000000,76.2000000,77.4000000,540
20191217,000000,77.4000000,77.4000000,75.4000000,77.4000000,2220
20191218,000000,77.2000000,90.8000000,76.2000000,76.8000000,16670
20191219,000000,76.0000000,78.8000000,75.0000000,78.0000000,6720
20191220,000000,74.8000000,78.2000000,74.8000000,76.8000000,1420
20191223,000000,77.0000000,77.8000000,75.6000000,76.6000000,800
20191224,000000,75.2000000,76.2000000,75.0000000,76.2000000,1400
20191225,000000,75.4000000,79.4000000,73.0000000,78.8000000,7450
20191226,000000,76.8000000,80.0000000,73.6000000,76.8000000,2160
20191227,000000,77.0000000,85.0000000,77.0000000,79.0000000,12190
20191230,000000,79.0000000,79.0000000,76.0000000,77.6000000,1870
20200103,000000,76.2000000,97.8000000,76.2000000,87.8000000,15600
20200106,000000,89.0000000,91.2000000,81.0000000,83.4000000,22340
20200108,000000,83.2000000,84.4000000,80.0000000,82.4000000,5650
20200109,000000,80.4000000,81.6000000,80.2000000,81.2000000,980
20200110,000000,81.0000000,81.0000000,77.6000000,78.8000000,9430
20200113,000000,79.2000000,80.0000000,78.8000000,79.8000000,910
20200114,000000,79.6000000,79.8000000,78.0000000,79.0000000,1530
20200115,000000,79.0000000,79.8000000,78.0000000,79.0000000,900
20200116,000000,78.8000000,79.6000000,77.0000000,77.0000000,2290
20200117,000000,77.6000000,78.6000000,74.0000000,77.4000000,2810
20200120,000000,77.6000000,79.0000000,74.6000000,78.0000000,2170
20200121,000000,78.2000000,79.2000000,74.6000000,78.0000000,1740
20200122,000000,77.0000000,78.4000000,77.0000000,78.0000000,560
20200123,000000,77.0000000,78.0000000,75.6000000,76.6000000,370
20200124,000000,75.4000000,78.6000000,73.6000000,75.6000000,4570
20200127,000000,75.8000000,79.0000000,73.2000000,73.6000000,6640
20200128,000000,74.2000000,75.0000000,71.4000000,74.0000000,770
20200129,000000,73.0000000,73.8000000,72.2000000,72.8000000,4030
20200130,000000,72.8000000,87.8000000,72.8000000,73.6000000,48640
20200131,000000,74.0000000,74.0000000,71.0000000,71.8000000,12120
20200203,000000,71.2000000,72.4000000,69.6000000,72.0000000,8160
20200204,000000,70.2000000,73.0000000,70.2000000,71.6000000,2320
20200205,000000,72.0000000,72.6000000,69.8000000,71.0000000,3090
20200206,000000,71.8000000,71.8000000,70.0000000,70.0000000,3440
20200207,000000,70.8000000,76.8000000,70.2000000,72.2000000,6510
20200210,000000,74.4000000,74.6000000,72.0000000,73.6000000,1340
20200211,000000,74.0000000,74.2000000,71.8000000,74.2000000,2100
20200212,000000,74.4000000,75.0000000,72.4000000,75.0000000,2670
20200213,000000,74.8000000,74.8000000,73.0000000,73.8000000,500
20200214,000000,74.8000000,81.4000000,74.8000000,74.8000000,4370
20200217,000000,73.6000000,75.8000000,73.0000000,75.0000000,1220
20200218,000000,75.4000000,75.6000000,73.6000000,75.4000000,1770
20200219,000000,75.8000000,80.8000000,75.0000000,75.2000000,4430
20200220,000000,77.2000000,77.2000000,75.4000000,75.4000000,850
20200221,000000,76.0000000,76.6000000,76.0000000,76.2000000,2470
20200225,000000,76.4000000,76.4000000,74.0000000,75.4000000,1000
20200226,000000,74.2000000,75.0000000,72.4000000,73.0000000,620
20200227,000000,72.0000000,76.2000000,71.6000000,71.8000000,2030
20200228,000000,70.0000000,70.2000000,68.0000000,68.4000000,1380
20200302,000000,72.6000000,73.0000000,70.0000000,70.8000000,2640
20200303,000000,72.2000000,72.6000000,72.2000000,72.2000000,210
20200304,000000,70.8000000,73.8000000,68.0000000,70.6000000,4770
20200305,000000,70.0000000,70.8000000,69.0000000,69.8000000,1490
20200306,000000,69.0000000,70.0000000,63.2000000,68.8000000,2780
20200310,000000,65.2000000,69.0000000,61.6000000,62.8000000,4480
20200311,000000,63.0000000,67.2000000,63.0000000,63.0000000,1510
20200312,000000,62.2000000,66.2000000,55.6000000,55.6000000,3300
20200313,000000,55.8000000,62.0000000,55.8000000,58.6000000,1530
20200316,000000,58.4000000,58.4000000,46.0000000,55.4000000,3360
20200317,000000,58.0000000,59.2000000,55.8000000,58.0000000,920
20200318,000000,58.2000000,58.2000000,53.0000000,55.2000000,1420
20200319,000000,57.2000000,57.2000000,53.2000000,57.0000000,1950
20200320,000000,59.2000000,60.0000000,58.0000000,58.0000000,1310
20200323,000000,53.6000000,58.2000000,53.6000000,58.0000000,3020
20200324,000000,59.0000000,64.4000000,58.0000000,62.0000000,1480
20200325,000000,62.0000000,67.2000000,62.0000000,63.0000000,2370
20200326,000000,63.0000000,68.0000000,62.0000000,64.4000000,1760
20200327,000000,63.0000000,63.0000000,60.0000000,62.0000000,1230
20200330,000000,62.0000000,65.0000000,61.0000000,61.4000000,2320
20200331,000000,63.4000000,64.2000000,60.0000000,62.6000000,2800
20200401,000000,62.8000000,68.0000000,61.0000000,64.0000000,7720
20200402,000000,64.0000000,65.0000000,61.6000000,62.8000000,5590
20200403,000000,63.2000000,64.2000000,61.8000000,61.8000000,1040
20200406,000000,61.2000000,64.0000000,60.0000000,63.6000000,1770
20200407,000000,64.4000000,64.8000000,61.4000000,64.6000000,3640
20200408,000000,63.2000000,64.8000000,63.2000000,64.6000000,990
20200409,000000,64.6000000,66.0000000,64.6000000,65.0000000,840
20200410,000000,65.0000000,65.8000000,64.2000000,64.6000000,500
20200413,000000,64.2000000,90.0000000,63.6000000,73.8000000,25300
20200414,000000,74.2000000,75.6000000,68.6000000,74.4000000,4770
20200415,000000,74.0000000,74.0000000,68.8000000,69.8000000,2230
20200416,000000,69.6000000,72.0000000,68.4000000,71.0000000,720
20200417,000000,71.0000000,71.4000000,69.0000000,71.0000000,1270
20200420,000000,70.0000000,71.8000000,70.0000000,70.2000000,320
20200421,000000,70.8000000,70.8000000,69.2000000,70.2000000,710
20200422,000000,70.0000000,71.4000000,68.4000000,71.4000000,570
20200423,000000,71.0000000,71.0000000,69.4000000,70.8000000,510
20200424,000000,71.0000000,74.2000000,71.0000000,73.0000000,2560
20200427,000000,72.0000000,80.0000000,71.2000000,73.8000000,4620
20200428,000000,72.8000000,73.8000000,72.0000000,72.2000000,1370
20200429,000000,72.2000000,73.8000000,72.0000000,72.0000000,280
20200430,000000,72.8000000,73.0000000,70.2000000,70.2000000,1230
20200504,000000,71.0000000,71.0000000,70.8000000,71.0000000,580
20200505,000000,72.0000000,72.4000000,71.2000000,71.8000000,140
20200506,000000,71.2000000,72.2000000,71.2000000,71.4000000,390
20200507,000000,71.6000000,71.6000000,71.4000000,71.6000000,80
20200508,000000,72.6000000,72.6000000,71.2000000,72.0000000,330
20200512,000000,71.4000000,72.0000000,71.2000000,71.4000000,150
20200513,000000,72.0000000,72.6000000,70.0000000,70.8000000,240
20200514,000000,71.8000000,72.0000000,70.2000000,70.6000000,370
20200515,000000,70.2000000,71.0000000,70.2000000,70.6000000,70
20200518,000000,70.0000000,71.0000000,69.4000000,71.0000000,750
20200519,000000,70.2000000,70.6000000,68.6000000,70.6000000,2180
20200520,000000,70.8000000,71.8000000,70.0000000,71.4000000,800
20200521,000000,70.2000000,70.8000000,70.0000000,70.2000000,710
20200522,000000,70.4000000,70.6000000,69.2000000,70.2000000,590
20200525,000000,71.0000000,71.2000000,70.2000000,71.0000000,660
20200526,000000,72.0000000,76.0000000,70.2000000,70.2000000,2830
20200527,000000,71.8000000,71.8000000,70.2000000,71.0000000,1050
20200528,000000,70.6000000,71.8000000,70.2000000,70.6000000,240
20200529,000000,70.8000000,71.6000000,70.6000000,70.6000000,460
20200601,000000,71.6000000,71.6000000,70.0000000,71.4000000,220
20200602,000000,70.0000000,71.4000000,70.0000000,70.8000000,200
20200603,000000,70.8000000,71.0000000,70.0000000,70.0000000,350
20200604,000000,71.6000000,85.0000000,71.2000000,75.0000000,27270
20200605,000000,76.0000000,76.0000000,73.4000000,74.0000000,1700
20200608,000000,75.0000000,75.8000000,70.6000000,71.2000000,6670
20200609,000000,72.8000000,76.0000000,71.8000000,71.8000000,6600
20200610,000000,72.6000000,72.8000000,71.4000000,71.4000000,590
20200611,000000,71.4000000,71.4000000,70.6000000,71.0000000,590
20200615,000000,71.0000000,72.0000000,70.2000000,71.8000000,640
20200616,000000,71.2000000,72.8000000,70.0000000,72.8000000,840
20200617,000000,71.2000000,73.0000000,71.2000000,72.4000000,300
20200618,000000,73.0000000,73.0000000,69.6000000,70.8000000,3440
20200619,000000,70.0000000,70.8000000,70.0000000,70.2000000,520
20200622,000000,70.0000000,72.0000000,69.8000000,71.8000000,3090
20200623,000000,72.0000000,72.0000000,70.6000000,72.0000000,70
20200625,000000,71.0000000,74.0000000,69.0000000,70.6000000,1470
20200626,000000,71.0000000,71.4000000,70.0000000,70.0000000,290
20200629,000000,70.0000000,71.0000000,69.8000000,70.0000000,290
20200630,000000,70.0000000,71.6000000,69.8000000,70.4000000,140
20200702,000000,70.0000000,71.0000000,69.0000000,70.0000000,2140
20200703,000000,70.4000000,71.0000000,69.6000000,70.2000000,1200
20200706,000000,71.2000000,71.2000000,70.0000000,71.0000000,580
20200707,000000,70.4000000,71.0000000,70.0000000,71.0000000,190
20200708,000000,71.0000000,71.0000000,69.4000000,70.0000000,350
20200709,000000,70.0000000,74.4000000,69.4000000,71.0000000,2080
20200710,000000,71.6000000,73.0000000,70.2000000,71.4000000,390
20200713,000000,73.2000000,73.2000000,70.4000000,72.0000000,980
20200714,000000,71.8000000,72.0000000,71.0000000,71.0000000,200
20200715,000000,71.2000000,72.0000000,70.6000000,70.6000000,340
20200716,000000,71.0000000,71.6000000,71.0000000,71.6000000,140
20200717,000000,70.8000000,70.8000000,70.8000000,70.8000000,430
20200720,000000,70.6000000,71.8000000,70.0000000,70.6000000,690
20200721,000000,71.8000000,71.8000000,70.2000000,71.4000000,230
20200722,000000,70.6000000,71.4000000,70.4000000,70.8000000,270
20200723,000000,71.0000000,71.6000000,70.4000000,70.4000000,1070
20200724,000000,69.8000000,72.0000000,69.8000000,71.2000000,1370
20200727,000000,70.2000000,71.2000000,65.6000000,71.0000000,4550
20200728,000000,69.2000000,71.0000000,69.2000000,70.2000000,1090
20200729,000000,70.0000000,70.8000000,70.0000000,70.2000000,270
20200730,000000,70.2000000,70.2000000,69.8000000,70.0000000,360
20200731,000000,70.4000000,70.8000000,69.2000000,69.2000000,520
20200803,000000,70.8000000,70.8000000,69.2000000,69.8000000,760
20200804,000000,70.4000000,72.0000000,70.0000000,71.4000000,1520
20200805,000000,71.2000000,71.2000000,71.0000000,71.0000000,250
20200806,000000,72.0000000,72.0000000,71.2000000,71.4000000,1780
20200807,000000,71.8000000,71.8000000,71.0000000,71.2000000,170
20200810,000000,70.4000000,71.8000000,70.4000000,71.2000000,2390
20200811,000000,70.6000000,71.8000000,70.4000000,71.8000000,560
20200812,000000,70.6000000,72.0000000,70.6000000,71.8000000,980
20200813,000000,71.8000000,92.0000000,71.4000000,76.8000000,113670
20200814,000000,80.0000000,86.0000000,78.2000000,80.0000000,32620
20200817,000000,80.0000000,81.0000000,77.0000000,77.8000000,5730
20200818,000000,77.4000000,80.6000000,77.0000000,78.4000000,6030
20200819,000000,79.0000000,85.8000000,76.0000000,78.8000000,17480
20200820,000000,78.0000000,78.8000000,77.2000000,78.2000000,2430
20200821,000000,79.0000000,79.0000000,76.0000000,76.4000000,1300
20200824,000000,76.8000000,76.8000000,75.8000000,76.6000000,1680
20200825,000000,75.8000000,77.8000000,75.8000000,77.8000000,480
20200826,000000,77.8000000,85.0000000,76.2000000,77.8000000,22130
20200827,000000,78.0000000,86.0000000,77.4000000,81.8000000,31230
20200828,000000,81.0000000,82.0000000,80.0000000,81.2000000,2940
20200831,000000,82.0000000,82.0000000,79.0000000,81.0000000,2160
20200901,000000,81.8000000,82.0000000,78.8000000,79.6000000,1630
20200902,000000,79.2000000,79.2000000,78.8000000,78.8000000,670
20200903,000000,81.4000000,82.0000000,78.4000000,79.6000000,1350
20200904,000000,80.4000000,84.6000000,79.2000000,80.4000000,5010
20200907,000000,80.0000000,81.0000000,79.8000000,79.8000000,160
20200908,000000,79.2000000,80.0000000,77.0000000,78.2000000,1110
20200909,000000,79.0000000,79.0000000,76.4000000,78.0000000,1460
20200910,000000,77.2000000,78.4000000,77.0000000,78.4000000,730
20200911,000000,77.2000000,83.0000000,77.2000000,82.0000000,3560
20200914,000000,82.6000000,89.6000000,79.8000000,81.0000000,16360
20200915,000000,81.0000000,81.6000000,79.0000000,80.8000000,1310
20200916,000000,80.0000000,80.8000000,77.6000000,79.2000000,1630
20200917,000000,80.0000000,80.0000000,79.0000000,79.0000000,390
20200918,000000,79.8000000,80.4000000,79.0000000,79.0000000,1530
20200921,000000,78.2000000,80.0000000,77.4000000,78.0000000,1120
20200922,000000,78.0000000,79.0000000,78.0000000,79.0000000,530
20200923,000000,79.2000000,79.2000000,79.0000000,79.0000000,520
20200924,000000,77.2000000,79.2000000,77.2000000,78.4000000,600
20200925,000000,77.8000000,78.6000000,77.0000000,78.6000000,440
20200928,000000,77.4000000,78.8000000,77.4000000,78.8000000,580
20200929,000000,78.0000000,78.4000000,78.0000000,78.0000000,240
20200930,000000,78.6000000,79.0000000,77.2000000,77.6000000,810
20201001,000000,78.0000000,78.6000000,77.6000000,78.0000000,530
20201002,000000,77.4000000,77.8000000,76.0000000,77.2000000,4050
20201005,000000,78.0000000,78.0000000,77.2000000,78.0000000,170
20201006,000000,77.2000000,77.8000000,76.8000000,77.8000000,1250
20201007,000000,76.4000000,77.8000000,76.0000000,76.6000000,580
20201008,000000,77.0000000,77.4000000,77.0000000,77.4000000,190
20201009,000000,76.8000000,76.8000000,75.0000000,76.0000000,940
20201012,000000,75.2000000,77.6000000,75.2000000,76.2000000,1050
20201013,000000,76.4000000,77.2000000,75.4000000,76.6000000,200
20201014,000000,76.4000000,77.0000000,75.0000000,75.8000000,560
20201015,000000,75.8000000,76.0000000,75.0000000,75.4000000,390
20201016,000000,75.0000000,75.6000000,74.8000000,75.2000000,480
20201019,000000,75.0000000,75.6000000,74.8000000,74.8000000,90
20201020,000000,74.2000000,75.2000000,74.2000000,75.2000000,770
20201021,000000,74.8000000,75.0000000,74.2000000,74.6000000,100
20201022,000000,74.2000000,75.0000000,74.2000000,74.8000000,70
20201023,000000,74.2000000,85.8000000,74.2000000,78.8000000,17540
20201026,000000,78.2000000,79.0000000,76.0000000,77.2000000,2350
20201027,000000,77.8000000,81.8000000,75.4000000,77.2000000,3870
20201028,000000,77.2000000,77.2000000,73.8000000,73.8000000,3560
20201029,000000,73.8000000,78.6000000,73.0000000,77.4000000,7400
20201030,000000,77.0000000,77.4000000,76.2000000,77.4000000,420
20201102,000000,78.0000000,78.0000000,77.0000000,77.2000000,700
20201103,000000,76.8000000,78.0000000,74.6000000,78.0000000,1400
20201105,000000,77.0000000,82.0000000,76.6000000,78.4000000,5490
20201106,000000,78.6000000,78.6000000,77.0000000,77.8000000,390
20201109,000000,78.0000000,81.0000000,78.0000000,78.0000000,1630
20201110,000000,78.0000000,78.8000000,77.4000000,78.2000000,570
20201111,000000,77.6000000,78.0000000,77.0000000,78.0000000,1000
20201112,000000,78.0000000,78.0000000,77.4000000,77.4000000,240
20201113,000000,79.0000000,79.0000000,77.0000000,78.4000000,930
20201116,000000,78.0000000,79.4000000,77.8000000,78.4000000,2710
20201117,000000,78.2000000,79.8000000,77.4000000,78.4000000,790
20201118,000000,77.6000000,78.8000000,77.0000000,78.0000000,590
20201119,000000,77.4000000,78.0000000,77.4000000,78.0000000,110
20201120,000000,78.2000000,78.2000000,75.8000000,77.0000000,1200
20201123,000000,77.6000000,78.0000000,74.6000000,76.4000000,4320
20201124,000000,76.8000000,77.4000000,76.0000000,77.2000000,2310
20201125,000000,77.8000000,77.8000000,76.0000000,76.6000000,1380
20201126,000000,77.0000000,77.0000000,76.2000000,77.0000000,1220
20201127,000000,76.8000000,76.8000000,76.4000000,76.8000000,340
20201130,000000,76.0000000,77.4000000,76.0000000,76.6000000,240
20201201,000000,77.0000000,77.0000000,76.6000000,76.6000000,1630
20201202,000000,78.0000000,80.0000000,74.8000000,76.6000000,670
20201203,000000,75.8000000,80.8000000,75.2000000,77.0000000,1830
20201204,000000,76.0000000,78.0000000,76.0000000,77.6000000,1100
20201207,000000,76.4000000,77.8000000,76.4000000,76.8000000,620
20201208,000000,76.6000000,77.6000000,76.2000000,77.6000000,790
20201209,000000,78.0000000,78.0000000,76.4000000,76.4000000,500
20201210,000000,78.0000000,78.0000000,76.4000000,77.4000000,470
20201211,000000,76.6000000,77.6000000,76.4000000,77.2000000,880
20201214,000000,77.0000000,77.4000000,76.8000000,76.8000000,400
20201215,000000,76.8000000,78.2000000,76.6000000,78.2000000,2190
20201216,000000,78.2000000,90.0000000,77.2000000,77.8000000,25560
20201217,000000,78.8000000,81.4000000,78.0000000,78.0000000,8970
20201218,000000,79.0000000,79.0000000,77.0000000,78.0000000,1430
20201221,000000,78.0000000,78.0000000,76.2000000,77.4000000,1320
20201222,000000,76.2000000,78.2000000,76.2000000,77.6000000,260
20201223,000000,77.8000000,77.8000000,77.0000000,77.0000000,340
20201224,000000,77.6000000,78.0000000,77.0000000,77.0000000,500
20201225,000000,76.6000000,78.0000000,75.0000000,77.6000000,970
20201228,000000,78.0000000,78.0000000,75.0000000,77.2000000,6400
20201229,000000,77.8000000,80.0000000,75.2000000,76.2000000,3490
20201230,000000,78.0000000,78.0000000,77.6000000,77.8000000,1040
20210104,000000,78.2000000,78.8000000,78.0000000,78.8000000,630
20210105,000000,79.0000000,82.0000000,78.0000000,79.8000000,1630
20210106,000000,80.0000000,80.0000000,79.2000000,79.2000000,1400
20210108,000000,79.2000000,79.4000000,75.0000000,78.8000000,5590
20210111,000000,78.0000000,78.8000000,76.0000000,78.2000000,1670
20210112,000000,78.8000000,79.2000000,78.4000000,78.8000000,2680
20210113,000000,79.2000000,80.4000000,78.2000000,79.0000000,1240
20210114,000000,78.2000000,79.4000000,78.0000000,78.0000000,420
20210115,000000,79.2000000,82.4000000,78.6000000,78.8000000,6120
20210118,000000,79.6000000,81.6000000,76.6000000,78.4000000,1920
20210119,000000,79.2000000,79.2000000,78.4000000,78.8000000,140
20210120,000000,79.0000000,81.2000000,78.8000000,79.0000000,1340
20210121,000000,78.4000000,79.8000000,76.2000000,77.2000000,1490
20210122,000000,77.2000000,78.0000000,77.2000000,77.8000000,1850
20210125,000000,78.6000000,84.8000000,76.2000000,80.2000000,8520
20210126,000000,82.0000000,85.0000000,79.2000000,80.0000000,9210
20210127,000000,79.2000000,85.0000000,78.6000000,79.4000000,10020
