<DATE>,<TIME>,<OPEN>,<HIGH>,<LOW>,<CLOSE>,<VOL>
20190131,000000,33.8700000,34.2500000,33.5300000,34.1300000,5008175
20190228,000000,33.9200000,34.3100000,33.8000000,34.1100000,5678376
20190318,000000,33.2900000,33.3800000,33.0400000,33.0500000,170666
20190319,000000,33.3200000,33.5150000,33.1900000,33.4400000,214238
20190320,000000,33.2200000,33.2200000,32.6600000,32.7000000,189073
20190321,000000,33.8900000,34.0350000,33.5900000,33.9800000,188950
20190322,000000,34.1500000,34.7800000,33.5600000,34.5000000,1982111
20190325,000000,34.8100000,35.2750000,34.5000000,34.9000000,1725677
20190326,000000,34.5900000,35.5550000,34.5600000,35.5500000,987446
20190327,000000,35.5700000,35.8400000,35.3900000,35.7000000,635516
20190328,000000,35.1600000,35.9300000,35.0750000,35.5650000,732578
20190329,000000,35.8200000,36.0300000,35.6000000,35.7800000,507362
20190401,000000,35.8600000,36.0300000,35.4400000,35.6100000,667122
20190402,000000,35.5600000,35.9100000,35.3900000,35.8350000,619046
20190403,000000,35.8800000,36.0900000,35.7100000,35.9300000,447616
20190404,000000,35.8300000,36.4900000,35.6300000,36.4700000,692250
20190405,000000,36.3300000,36.5200000,36.1200000,36.4900000,304779
20190408,000000,36.7000000,36.8200000,36.3500000,36.6700000,288870
20190409,000000,36.7500000,36.7500000,36.2150000,36.5900000,299173
20190410,000000,36.5300000,36.6800000,36.2000000,36.2600000,351408
20190411,000000,35.9100000,36.2750000,35.6600000,35.9700000,431201
20190412,000000,36.1100000,36.4150000,35.5950000,36.2500000,686009
20190415,000000,35.9800000,36.2200000,35.7800000,36.1800000,747102
20190416,000000,35.1800000,35.2200000,34.6850000,34.7600000,698637
20190417,000000,34.7400000,34.9500000,33.9700000,34.1800000,1453620
20190418,000000,34.1100000,34.1900000,32.8750000,33.0050000,1113976
20190422,000000,33.2000000,33.2200000,32.3500000,32.5600000,743868
20190423,000000,32.2800000,32.6400000,32.2400000,32.3600000,512358
20190424,000000,32.4100000,32.6000000,32.0800000,32.2000000,556557
20190425,000000,32.6300000,32.7200000,31.1700000,31.6300000,641647
20190426,000000,31.9400000,31.9400000,31.3700000,31.4700000,538976
20190429,000000,31.3900000,31.4400000,30.5950000,30.7400000,525472
20190430,000000,30.7400000,31.0900000,30.5300000,31.0900000,1602366
20190501,000000,30.8900000,31.0650000,30.0900000,30.3400000,514022
20190502,000000,30.1000000,30.4150000,29.9450000,30.0800000,433062
20190503,000000,30.4300000,30.6400000,30.1850000,30.2200000,365130
20190506,000000,30.0650000,30.1200000,29.8200000,29.9300000,242493
20190507,000000,30.0000000,30.8300000,29.8600000,30.7100000,484882
20190508,000000,30.8500000,31.1200000,30.0200000,30.2100000,472319
20190509,000000,30.1300000,30.4600000,29.8400000,29.9200000,396466
20190510,000000,29.9700000,30.3650000,29.7700000,30.1400000,390040
20190513,000000,30.5100000,31.0700000,30.2100000,30.9100000,521672
20190514,000000,30.8600000,30.8900000,30.6250000,30.8300000,322358
20190515,000000,30.9600000,31.0100000,30.6300000,30.6650000,347122
20190516,000000,30.6400000,30.7000000,30.2200000,30.5550000,331033
20190517,000000,30.4200000,30.9800000,30.3200000,30.9050000,280953
20190520,000000,30.9600000,31.4300000,30.9400000,31.1700000,222955
20190521,000000,30.9700000,31.4400000,30.8200000,31.3400000,267950
20190522,000000,31.3500000,31.5400000,31.2100000,31.3200000,275767
20190523,000000,31.6000000,32.0200000,31.3300000,31.6500000,432341
20190524,000000,31.6200000,31.9650000,31.4700000,31.9100000,317630
20190528,000000,31.6800000,31.8700000,31.4700000,31.6700000,312296
20190529,000000,31.6000000,31.6900000,31.1100000,31.6000000,212712
20190530,000000,31.7200000,32.1650000,31.6100000,32.1000000,311100
20190531,000000,32.5600000,33.3900000,32.4300000,33.1400000,535794
20190603,000000,33.2600000,33.6100000,32.8600000,33.6100000,492310
20190604,000000,33.4800000,34.3500000,33.2600000,34.3200000,578061
20190605,000000,34.5400000,34.7500000,34.0700000,34.4600000,480315
20190606,000000,34.6400000,35.3700000,34.5100000,35.3200000,526965
20190607,000000,35.4400000,35.8450000,35.2650000,35.6900000,416293
20190610,000000,35.1800000,35.3300000,34.8500000,35.2900000,574286
20190611,000000,35.2900000,35.3900000,34.8250000,34.9200000,489257
20190612,000000,35.1600000,35.6650000,35.1400000,35.4700000,406164
20190613,000000,35.5100000,35.8350000,35.3800000,35.5600000,226326
20190614,000000,35.7400000,36.2300000,35.6900000,35.9450000,408092
20190617,000000,35.9200000,36.2500000,35.6650000,36.2300000,328813
20190618,000000,36.5900000,36.6100000,35.8200000,36.0000000,435215
20190619,000000,35.7700000,36.5000000,35.6200000,36.3600000,279124
20190620,000000,37.5300000,38.4600000,37.4000000,37.5650000,965255
20190621,000000,37.5800000,37.8700000,37.2800000,37.5000000,494006
20190624,000000,37.7000000,38.4350000,37.4200000,38.4350000,519796
20190625,000000,38.6200000,38.7300000,37.9800000,38.0400000,694517
20190626,000000,37.4300000,38.3150000,37.2600000,38.2600000,555414
20190627,000000,37.9400000,38.1300000,37.6900000,38.0700000,444532
20190628,000000,38.0400000,38.4700000,37.8700000,38.4700000,325764
20190701,000000,37.5200000,37.9900000,37.2500000,37.8900000,547625
20190702,000000,38.0400000,38.5250000,37.8000000,38.4200000,401611
20190703,000000,38.5900000,38.9050000,38.3000000,38.7600000,273420
20190705,000000,37.8600000,38.5300000,37.3600000,38.3950000,892879
20190708,000000,38.5800000,38.6700000,38.0350000,38.2800000,284960
20190709,000000,38.1300000,38.7500000,38.0000000,38.7500000,234513
20190710,000000,38.9900000,39.1200000,38.7400000,39.0500000,581202
20190711,000000,38.9800000,39.3950000,38.7600000,39.2800000,477571
20190712,000000,39.3700000,39.4800000,39.1700000,39.4200000,252194
20190715,000000,39.4400000,39.4600000,38.8600000,39.1700000,252000
20190716,000000,39.1500000,39.2300000,38.5450000,38.7050000,402537
20190717,000000,38.8500000,39.3100000,38.6400000,39.0700000,377583
20190718,000000,38.8200000,39.9700000,38.6800000,39.7000000,702646
20190719,000000,39.4500000,39.8200000,38.9150000,39.2900000,619028
20190722,000000,39.3700000,39.9050000,39.2000000,39.9000000,363996
20190723,000000,39.7500000,40.3300000,39.5000000,39.6000000,531988
20190724,000000,39.6000000,39.7600000,39.1900000,39.3100000,554421
20190725,000000,38.3000000,39.6500000,37.1300000,38.2450000,1335924
20190726,000000,38.0200000,38.1700000,36.9100000,37.2450000,611930
20190729,000000,37.4800000,37.7700000,37.2100000,37.7350000,440218
20190730,000000,37.8400000,37.9300000,37.3800000,37.7300000,297882
20190731,000000,37.1500000,37.2800000,36.0450000,36.5200000,781923
20190801,000000,35.9200000,37.3800000,35.6500000,37.1800000,1194174
20190802,000000,36.8300000,37.2500000,36.6600000,36.8900000,457427
20190805,000000,37.8400000,38.2500000,37.2600000,37.4100000,634679
20190806,000000,37.2800000,38.0650000,37.0400000,37.9800000,665784
20190807,000000,38.8000000,39.9350000,38.8000000,39.3600000,1426533
20190808,000000,39.0300000,39.4500000,38.8200000,39.2700000,509640
20190809,000000,39.2700000,39.4900000,38.9600000,39.0500000,432104
20190812,000000,39.2600000,39.4600000,38.1400000,38.3200000,382814
20190813,000000,39.0300000,39.0400000,37.2700000,37.6400000,1008360
20190814,000000,38.6000000,39.2300000,37.9800000,37.9800000,665298
20190815,000000,37.9600000,38.6800000,37.7400000,38.5100000,409071
20190816,000000,38.1700000,38.6400000,38.1100000,38.5700000,592116
20190819,000000,38.0900000,38.4900000,37.8400000,38.0900000,466465
20190820,000000,38.2500000,38.8050000,38.1900000,38.5600000,372870
20190821,000000,38.2600000,38.6450000,38.2100000,38.5100000,318303
20190822,000000,38.5500000,38.7400000,38.3000000,38.4900000,311921
20190823,000000,38.8300000,39.6900000,38.5200000,39.3000000,614170
20190826,000000,39.5700000,39.9000000,39.2150000,39.4500000,356253
20190827,000000,39.6100000,40.9900000,39.5700000,40.7600000,499132
20190828,000000,40.9600000,41.2300000,40.4800000,40.8800000,485407
20190829,000000,40.9100000,40.9400000,39.7800000,40.1000000,605173
20190830,000000,40.0100000,40.2800000,39.6500000,39.8400000,424450
20190903,000000,40.0100000,40.9300000,40.0100000,40.3800000,516994
20190904,000000,40.5100000,41.0600000,40.2600000,41.0300000,339820
20190905,000000,40.7300000,40.7700000,38.9650000,39.3100000,773475
20190906,000000,39.4700000,39.5800000,38.6200000,38.6500000,623786
20190909,000000,39.2500000,39.7450000,37.7700000,38.0500000,656861
20190910,000000,37.7700000,38.5600000,37.5800000,38.1500000,534444
20190911,000000,38.4300000,39.4700000,38.3100000,38.7300000,514167
20190912,000000,39.7250000,40.1700000,38.6250000,38.6500000,458888
20190913,000000,38.8100000,39.0100000,38.2000000,38.5900000,416993
20190916,000000,39.0300000,39.1900000,38.0900000,38.4700000,344034
20190917,000000,38.7500000,40.1500000,38.6100000,39.6100000,571595
20190918,000000,39.6300000,39.7900000,38.2900000,39.0600000,395957
20190919,000000,39.3700000,39.5650000,39.1200000,39.3900000,219183
20190920,000000,39.5100000,39.9000000,39.3100000,39.8400000,285945
20190923,000000,39.8200000,40.1600000,39.5400000,39.8600000,262106
20190924,000000,39.3700000,40.6200000,39.3600000,40.3150000,309207
20190925,000000,40.0100000,40.1800000,39.1100000,39.5700000,314212
20190926,000000,39.6600000,39.8600000,39.1500000,39.3800000,272144
20190927,000000,38.6400000,38.7900000,38.3200000,38.4100000,795635
20190930,000000,38.1700000,38.2500000,37.4600000,37.9150000,472918
20191001,000000,37.5500000,38.2000000,37.4800000,37.5500000,573430
20191002,000000,38.2500000,38.2500000,37.4800000,37.8600000,475314
20191003,000000,38.1400000,38.7700000,37.9700000,38.1050000,343090
20191004,000000,37.8600000,38.5500000,37.6200000,38.3200000,375061
20191007,000000,37.8800000,38.4400000,37.8800000,38.2400000,217789
20191008,000000,38.7000000,38.9650000,38.3500000,38.9150000,339525
20191009,000000,38.9100000,39.1100000,38.5600000,38.7800000,265435
20191010,000000,38.8400000,39.0300000,38.2300000,38.9450000,301610
20191011,000000,38.5600000,38.5600000,37.5550000,37.6100000,521583
20191014,000000,37.5000000,38.0900000,37.4700000,37.9700000,312126
20191015,000000,37.7500000,38.0800000,37.6500000,37.6800000,333745
20191016,000000,37.8300000,37.8600000,37.2600000,37.8300000,322908
20191017,000000,37.6900000,38.7900000,37.6900000,38.3200000,366368
20191018,000000,38.2100000,38.6000000,38.1000000,38.4300000,264580
20191021,000000,38.5100000,38.5800000,37.7300000,37.9400000,319831
20191022,000000,38.0600000,38.4200000,37.7100000,37.8100000,413988
20191023,000000,38.2700000,38.9000000,38.1000000,38.3900000,409933
20191024,000000,38.4500000,39.2700000,38.4500000,39.0900000,374375
20191025,000000,39.6300000,39.7800000,39.0050000,39.1800000,382125
20191028,000000,38.7300000,38.9400000,38.5500000,38.8500000,317259
20191029,000000,38.3800000,39.2600000,38.2800000,38.8400000,312038
20191030,000000,38.7500000,39.3000000,38.4800000,39.0600000,295623
20191031,000000,39.5500000,39.7550000,39.1550000,39.7550000,311720
20191101,000000,39.5000000,39.8600000,39.3300000,39.6300000,424270
20191104,000000,39.5000000,39.5800000,38.8100000,38.8500000,669266
20191105,000000,38.2100000,38.9600000,36.6400000,37.5500000,1167396
20191106,000000,37.6800000,37.9200000,37.3100000,37.6500000,587086
20191107,000000,37.3300000,37.3300000,36.6400000,36.9200000,595067
20191108,000000,36.2400000,36.6900000,36.0800000,36.6000000,882346
20191111,000000,36.5800000,36.9050000,36.4600000,36.7100000,600600
20191112,000000,36.7900000,37.1200000,36.4800000,36.9000000,458873
20191113,000000,37.1150000,37.6300000,37.0900000,37.3650000,402902
20191114,000000,37.6200000,37.7600000,37.3700000,37.5500000,351900
20191115,000000,37.2800000,37.6750000,37.2500000,37.6000000,273174
20191118,000000,37.5400000,38.0700000,37.4400000,38.0600000,325630
20191119,000000,37.9800000,38.7300000,37.9600000,38.3400000,367837
20191120,000000,38.3900000,38.7400000,38.0200000,38.4800000,283589
20191121,000000,38.3700000,38.5400000,38.1100000,38.2100000,304824
20191122,000000,38.3100000,38.3100000,37.8400000,38.1000000,251507
20191125,000000,37.8400000,38.2000000,37.6900000,37.7600000,471897
20191126,000000,37.7800000,38.1500000,37.6200000,38.1500000,408377
20191127,000000,37.9700000,38.3700000,37.8700000,38.1800000,264642
20191129,000000,38.2200000,38.5600000,38.1300000,38.4500000,219448
20191202,000000,38.3500000,39.0500000,38.2600000,38.7550000,505551
20191203,000000,39.0200000,39.6100000,38.8900000,39.4250000,843693
20191204,000000,39.1000000,39.5450000,39.0300000,39.1250000,507737
20191205,000000,39.1300000,40.1900000,39.0800000,40.0200000,668347
20191206,000000,39.5150000,40.0000000,39.4900000,39.7950000,448133
20191209,000000,39.9900000,40.0400000,39.6200000,39.7150000,151206
20191210,000000,39.8200000,40.0350000,39.6000000,40.0000000,315252
20191211,000000,40.4300000,40.9000000,40.3800000,40.9000000,150679
20191213,000000,41.2900000,41.2900000,41.2900000,41.2900000,100
20191216,000000,41.3900000,41.4400000,40.7350000,41.0000000,225246
20191217,000000,41.0300000,41.2100000,40.4200000,40.4650000,346760
20191218,000000,40.4600000,40.9800000,40.3500000,40.9800000,527245
20191219,000000,41.0600000,41.0600000,40.6400000,40.8700000,264370
20191220,000000,40.9300000,41.2100000,40.7700000,40.9400000,467630
20191223,000000,40.9600000,41.8200000,40.8500000,41.7600000,543425
20191224,000000,41.9000000,42.3400000,41.8200000,42.1900000,535628
20191226,000000,42.4000000,42.7300000,42.2900000,42.7000000,361684
20191227,000000,42.5900000,43.0300000,42.5600000,42.7100000,275625
20191230,000000,42.8900000,43.8800000,42.8400000,43.7700000,393421
20191231,000000,43.7300000,43.9100000,43.2300000,43.4600000,378447
20200102,000000,43.5900000,43.8700000,43.1900000,43.2200000,386136
20200103,000000,43.7400000,44.0300000,42.8000000,42.8400000,562340
20200106,000000,43.8000000,43.8000000,42.9850000,43.2850000,657047
20200107,000000,43.2600000,43.5200000,42.9900000,43.2300000,637935
20200108,000000,43.2800000,43.3800000,41.9650000,42.0850000,682731
20200109,000000,41.6600000,42.2600000,41.5500000,41.6500000,468353
20200110,000000,41.7900000,42.3450000,41.7900000,42.2700000,362902
20200113,000000,42.5200000,42.9000000,42.3600000,42.4300000,310305
20200114,000000,42.2700000,42.8500000,42.1100000,42.8300000,297552
20200115,000000,42.9500000,43.6400000,42.8800000,43.5500000,349331
20200116,000000,43.4700000,43.8250000,43.1000000,43.8250000,293823
20200117,000000,43.8600000,44.0000000,43.3650000,43.4700000,447784
20200121,000000,43.2500000,43.7500000,43.1000000,43.7000000,376910
20200122,000000,43.8400000,43.8500000,43.4200000,43.7700000,219569
20200123,000000,43.2300000,43.9200000,43.1300000,43.7000000,244260
20200124,000000,43.6350000,44.3500000,43.4800000,44.2900000,306821
20200127,000000,44.8000000,45.3600000,44.2500000,44.5500000,415638
20200128,000000,44.2100000,44.4800000,43.7400000,44.2850000,337801
20200129,000000,44.3200000,44.7100000,44.0500000,44.6150000,250847
20200130,000000,44.8550000,45.2100000,44.4400000,44.9550000,417273
20200131,000000,45.1300000,45.4100000,44.9300000,45.0450000,360897
20200203,000000,44.8800000,45.7000000,44.8000000,45.5800000,407107
20200204,000000,44.9200000,44.9600000,43.5350000,44.2300000,693921
20200205,000000,44.0650000,44.4650000,43.8500000,44.3000000,335367
20200206,000000,44.2700000,44.5900000,44.1700000,44.3850000,288445
20200207,000000,44.5900000,44.6900000,43.9400000,44.0200000,286401
20200210,000000,44.3000000,44.6250000,44.0300000,44.4250000,266969
20200211,000000,44.3900000,44.6700000,44.0700000,44.2300000,271844
20200212,000000,44.0500000,44.3400000,43.6200000,43.8850000,292570
20200213,000000,44.3500000,44.3500000,43.7900000,44.0200000,306499
20200214,000000,43.9000000,44.3300000,43.8000000,44.0800000,375246
20200218,000000,44.3000000,45.7300000,44.3000000,45.5900000,527549
20200219,000000,45.7600000,46.4100000,45.6000000,46.1800000,564574
20200220,000000,46.5200000,48.9800000,46.4000000,48.1100000,1118160
20200221,000000,48.9000000,49.5800000,48.3700000,49.4400000,677815
20200224,000000,51.1500000,51.3300000,49.9800000,50.2700000,966969
20200225,000000,49.5900000,51.0600000,49.0700000,49.1400000,926800
20200226,000000,48.9000000,49.8200000,48.5300000,49.4000000,619481
20200227,000000,49.9500000,50.1700000,46.4250000,46.5300000,1022161
20200228,000000,43.7300000,44.9700000,42.3700000,44.6100000,2886188
20200302,000000,45.6600000,46.9000000,45.3900000,46.8100000,1711798
20200303,000000,47.0500000,50.9300000,46.5700000,49.7300000,1779297
20200304,000000,50.1100000,51.0700000,48.5600000,51.0500000,917393
20200305,000000,51.1600000,52.2400000,50.4300000,52.0900000,994571
20200306,000000,52.1400000,52.4900000,50.1600000,52.3600000,1761030
20200309,000000,49.6900000,50.5700000,47.7500000,47.7600000,1592741
20200310,000000,48.5500000,48.9000000,46.3700000,48.3900000,1885489
20200311,000000,47.6200000,48.2900000,44.8700000,46.0100000,1369132
20200312,000000,41.3400000,47.8400000,39.5400000,44.4200000,1641103
20200313,000000,46.0600000,46.1900000,39.4300000,39.4800000,2281745
20200316,000000,34.3800000,43.1900000,33.0400000,40.7000000,1485329
20200317,000000,40.8700000,46.4500000,40.6200000,45.7700000,1334330
20200318,000000,44.4800000,46.8500000,40.0100000,41.5600000,1093073
20200319,000000,41.4400000,46.3500000,37.1500000,41.6700000,921902
20200320,000000,42.3500000,43.0200000,39.1800000,40.2700000,873517
20200323,000000,41.4400000,43.9300000,40.3900000,41.6600000,1315246
20200324,000000,45.1900000,48.3000000,43.6300000,47.4400000,1736905
20200325,000000,47.2300000,48.9500000,45.3100000,47.4300000,1452530
20200326,000000,48.4600000,50.2700000,46.9600000,48.2800000,1468566
20200327,000000,47.2400000,48.8900000,45.7100000,46.4100000,1022103
20200330,000000,47.0000000,48.7900000,45.6400000,46.3550000,881904
20200331,000000,45.0400000,47.6950000,44.9400000,45.2100000,958296
20200401,000000,44.9900000,47.2800000,44.8000000,46.4900000,829200
20200402,000000,47.0600000,49.7500000,46.5600000,48.2800000,902041
20200403,000000,48.0400000,49.5700000,47.0800000,47.1300000,573528
20200406,000000,48.6600000,51.1400000,48.6000000,50.1000000,1256500
20200407,000000,50.0700000,51.3800000,49.4300000,49.9700000,805166
20200408,000000,49.8000000,50.7600000,49.3600000,50.4700000,832781
20200409,000000,51.4200000,57.6700000,51.2900000,57.2200000,1409609
20200413,000000,57.2500000,60.4500000,56.3500000,59.8200000,1077625
20200414,000000,60.0800000,61.5300000,58.8300000,59.9500000,1063074
20200415,000000,58.5400000,59.6900000,57.0600000,58.2000000,698557
20200416,000000,57.8500000,60.0000000,57.8500000,59.9100000,691949
20200417,000000,57.3500000,59.4400000,57.3400000,59.1800000,873710
20200420,000000,59.1300000,60.2100000,58.7400000,59.5000000,508560
20200421,000000,58.3500000,60.0300000,57.7100000,59.2800000,662281
20200422,000000,60.9700000,62.1400000,60.5100000,61.6900000,775827
20200423,000000,62.6600000,64.6500000,62.2100000,62.4700000,819538
20200424,000000,63.5600000,63.8800000,61.7700000,63.1200000,505759
20200427,000000,63.3200000,63.5500000,60.8800000,62.6400000,497210
20200428,000000,61.5800000,63.2400000,60.9800000,62.6900000,601425
20200429,000000,62.1100000,62.8000000,60.9200000,62.3300000,743335
20200430,000000,61.9200000,62.1600000,59.3700000,59.4400000,374852
20200501,000000,58.5200000,61.2900000,58.2200000,61.0300000,547148
20200504,000000,62.0200000,63.1200000,61.2100000,62.8000000,745584
20200505,000000,62.6000000,65.0600000,61.3400000,64.9100000,603520
20200506,000000,64.0200000,64.9300000,62.2700000,62.4100000,1054872
20200507,000000,63.3500000,65.3700000,62.7200000,64.6100000,913722
20200508,000000,65.0000000,66.0600000,64.0700000,64.5500000,774935
20200511,000000,64.0600000,64.7900000,61.8400000,62.9500000,884173
20200512,000000,63.4000000,64.4700000,62.3500000,62.4600000,659977
20200513,000000,63.2800000,64.4900000,62.5750000,63.8800000,1041475
20200514,000000,64.2500000,67.0900000,64.0800000,66.6200000,1426868
20200515,000000,67.9600000,68.4700000,67.0300000,67.9200000,946986
20200518,000000,68.1400000,68.7600000,65.8800000,66.2600000,1263157
20200519,000000,66.6200000,69.1200000,66.3900000,67.4300000,1251120
20200520,000000,67.3800000,67.7400000,65.5200000,65.7400000,1215486
20200521,000000,64.9600000,65.0400000,62.2950000,63.5200000,950761
20200522,000000,64.3400000,64.9400000,62.7800000,63.0300000,673025
20200526,000000,61.6600000,61.6800000,59.0100000,59.1900000,1748399
20200527,000000,57.1100000,58.7400000,55.7700000,58.7200000,2412894
20200528,000000,60.1000000,60.3700000,57.9500000,58.7100000,1263901
20200529,000000,60.0700000,60.2800000,58.4300000,58.4600000,1526024
20200601,000000,58.8300000,60.5100000,58.8300000,60.4900000,591995
20200602,000000,60.8700000,60.8800000,57.9500000,58.4800000,562074
20200603,000000,56.9200000,57.6500000,55.1750000,56.0300000,977778
20200604,000000,56.9600000,57.6200000,55.4200000,55.9000000,954557
20200605,000000,53.9600000,54.9600000,52.3300000,54.7700000,1122811
20200608,000000,54.2900000,55.6200000,53.5100000,55.5400000,687904
20200609,000000,56.9800000,57.4400000,55.7400000,57.1700000,765391
20200610,000000,58.2400000,58.8600000,55.8000000,58.7200000,927462
20200611,000000,59.0900000,59.8800000,54.9900000,56.0300000,1109265
20200612,000000,56.9100000,56.9500000,55.1300000,55.4300000,558363
20200615,000000,54.0600000,57.1300000,53.1600000,56.9050000,1265118
20200616,000000,56.8200000,57.5700000,55.5100000,55.9600000,864778
20200617,000000,56.2500000,56.9200000,55.2300000,55.5800000,454561
20200618,000000,55.5100000,56.5900000,55.2500000,55.5500000,417989
20200619,000000,56.4500000,57.3900000,55.7700000,56.9800000,896068
20200622,000000,58.1200000,59.8700000,57.8300000,58.2300000,828417
20200623,000000,59.5700000,59.8900000,58.6700000,58.9100000,883319
20200624,000000,58.7300000,59.5500000,57.7800000,58.4100000,570681
20200625,000000,58.5100000,58.6900000,57.4700000,58.5800000,500417
20200626,000000,58.2500000,60.0800000,57.7100000,59.2900000,624984
20200629,000000,59.8500000,59.8500000,58.6600000,59.5200000,605017
20200630,000000,59.6900000,61.9600000,59.2000000,61.7400000,603245
20200701,000000,61.7600000,61.7600000,59.6200000,61.3800000,750935
20200702,000000,60.8400000,61.9900000,60.2400000,60.9500000,524157
20200706,000000,61.9000000,62.2900000,60.5000000,61.1700000,609243
20200707,000000,60.9200000,62.6400000,60.8900000,62.4800000,674147
20200708,000000,63.6400000,64.2300000,62.7000000,63.4300000,807767
20200709,000000,64.3100000,64.5300000,61.5600000,62.7400000,710240
20200710,000000,62.6300000,63.0300000,61.6200000,61.8800000,670072
20200713,000000,62.5800000,62.7200000,59.4700000,59.5400000,792737
20200714,000000,59.3000000,61.8000000,59.0600000,61.7600000,589142
20200715,000000,61.6800000,62.1800000,60.4400000,62.1300000,482560
20200716,000000,61.9700000,62.6000000,61.2100000,61.5400000,492079
20200717,000000,62.1000000,63.1600000,61.7700000,62.9300000,435560
20200720,000000,63.5000000,64.4300000,63.2100000,64.1900000,582112
20200721,000000,65.0000000,65.4500000,63.8600000,64.2700000,630702
20200722,000000,64.7200000,65.5400000,63.9800000,65.4800000,671668
20200723,000000,65.6300000,67.0800000,64.6500000,65.7800000,665065
20200724,000000,66.3900000,66.7800000,65.8600000,66.7400000,589509
20200727,000000,68.6900000,70.3000000,68.0900000,69.0500000,1049185
20200728,000000,67.7800000,69.2300000,67.2500000,68.5700000,424556
20200729,000000,68.7500000,68.8200000,66.8600000,67.8700000,504244
20200730,000000,66.2100000,67.8600000,64.5400000,65.6700000,314259
20200731,000000,66.7600000,69.2200000,65.7600000,69.2100000,519067
20200803,000000,69.1800000,69.3400000,67.4900000,68.1400000,347203
20200804,000000,68.2900000,70.4500000,67.3400000,70.2600000,452450
20200805,000000,71.6600000,72.2200000,69.8100000,70.3750000,338102
20200806,000000,71.1400000,71.3200000,69.3600000,70.1100000,344440
20200807,000000,69.0100000,69.4400000,68.4000000,68.8700000,322597
20200810,000000,69.3000000,70.3900000,67.5200000,67.9000000,344238
20200811,000000,64.5000000,64.9100000,62.6600000,62.8800000,756496
20200812,000000,64.5700000,64.5900000,62.6900000,62.9800000,593598
20200813,000000,63.8600000,64.7000000,63.3400000,64.1100000,351340
20200814,000000,64.2300000,64.5000000,63.3600000,63.8500000,170554
20200817,000000,66.0800000,68.3600000,65.6200000,68.3550000,400746
20200818,000000,69.7000000,69.7800000,66.7700000,67.6900000,324932
20200819,000000,67.2500000,68.2500000,65.4100000,65.9900000,273623
20200820,000000,65.8400000,67.5200000,65.7400000,67.2400000,262840
20200821,000000,66.5800000,66.7000000,65.2500000,65.5600000,285786
20200824,000000,66.2400000,66.3200000,64.8300000,65.2000000,200069
20200825,000000,65.0000000,65.0600000,63.2800000,64.8800000,225450
20200826,000000,64.1500000,65.7600000,63.9800000,65.6700000,251582
20200827,000000,66.7000000,66.7000000,63.7400000,64.7700000,226980
20200828,000000,65.7200000,67.0800000,65.2900000,66.7000000,234204
20200831,000000,66.9100000,68.2000000,66.7100000,67.2800000,271618
20200901,000000,68.4900000,68.4900000,65.8800000,67.0300000,297376
20200902,000000,66.0000000,67.5400000,64.7700000,67.4700000,374768
20200903,000000,66.3000000,67.0100000,64.7700000,66.1200000,353854
20200904,000000,65.5900000,65.7800000,63.3700000,65.3300000,374188
20200908,000000,64.5600000,66.9200000,63.4500000,65.7700000,324998
20200909,000000,66.1900000,68.4100000,66.1900000,68.1700000,258754
20200910,000000,68.7500000,68.7500000,66.4000000,66.4500000,257350
20200911,000000,67.1000000,67.6200000,65.8200000,66.2500000,278164
20200914,000000,66.6500000,67.5600000,66.5600000,67.3700000,278388
20200915,000000,68.0000000,68.5300000,67.0800000,67.5400000,255700
20200916,000000,67.8400000,68.4200000,67.2300000,67.2900000,316527
20200917,000000,66.1500000,66.5800000,65.4100000,66.3200000,363315
20200918,000000,66.1700000,66.7800000,64.5600000,64.7200000,439618
20200921,000000,63.4000000,64.2800000,62.7200000,63.6700000,575457
20200922,000000,63.7100000,64.3200000,62.5200000,63.4600000,379842
20200923,000000,62.9900000,62.9900000,59.8000000,60.2100000,705807
20200924,000000,59.8300000,62.1800000,59.3100000,61.4500000,448591
20200925,000000,60.8300000,61.6400000,60.5300000,61.4200000,270377
20200928,000000,61.9800000,62.8300000,61.3200000,62.1500000,273859
20200929,000000,62.6200000,63.4200000,62.4200000,62.7850000,250079
20200930,000000,62.4100000,63.9000000,61.8600000,63.4600000,386852
20201001,000000,64.0000000,64.0500000,62.6600000,62.8400000,337129
20201002,000000,62.6200000,63.3600000,62.1600000,62.2600000,301313
20201005,000000,62.3000000,63.9500000,62.2900000,63.1400000,245660
20201006,000000,63.3700000,63.7100000,60.7700000,60.8200000,415983
20201007,000000,61.3600000,61.7800000,60.9000000,61.1700000,264095
20201008,000000,61.4700000,62.1400000,61.2300000,61.7200000,226965
20201009,000000,62.5950000,62.9200000,61.8500000,62.8100000,414419
20201012,000000,62.9300000,63.4500000,62.5200000,62.9250000,174200
20201013,000000,62.5100000,62.8300000,61.6300000,62.7700000,267285
20201014,000000,63.3500000,64.3200000,62.9200000,64.0200000,388504
20201015,000000,63.1100000,63.6000000,62.4900000,63.0000000,298023
20201016,000000,63.1800000,63.3400000,62.5100000,62.6700000,193737
20201019,000000,63.1200000,63.3200000,61.5800000,61.7100000,217350
20201020,000000,61.7600000,62.0600000,60.8900000,61.2000000,303269
20201021,000000,61.5800000,62.3800000,61.2600000,61.4700000,311919
20201022,000000,60.8000000,60.9200000,59.8500000,60.5300000,344185
20201023,000000,60.2600000,60.9800000,60.0900000,60.4800000,266418
20201026,000000,59.9400000,61.0300000,59.8100000,60.3200000,253333
20201027,000000,60.5700000,61.7800000,60.2800000,61.6500000,287709
20201028,000000,60.4300000,60.4800000,58.2900000,58.7800000,652983
20201029,000000,58.9600000,61.4500000,58.5000000,60.3300000,498664
20201030,000000,60.9900000,62.9300000,60.8500000,62.8500000,400430
20201102,000000,63.2500000,64.9300000,62.6400000,64.7200000,481530
20201103,000000,65.1500000,67.2300000,65.1100000,66.6800000,574192
20201104,000000,66.5200000,66.8600000,64.9500000,65.0700000,476609
20201105,000000,66.8700000,68.3000000,66.7300000,67.8200000,618797
20201106,000000,68.1900000,68.4500000,67.5100000,68.1500000,277944
20201109,000000,63.9800000,66.5100000,62.8900000,65.9900000,640055
20201110,000000,65.5500000,65.9800000,64.2500000,64.8800000,492088
20201111,000000,64.3000000,65.6600000,63.3200000,65.6400000,403885
20201112,000000,66.0000000,66.2200000,64.8700000,65.0200000,302285
20201113,000000,65.9600000,66.0400000,65.3600000,65.7200000,206432
20201116,000000,65.3700000,66.1100000,64.9700000,65.6800000,222941
20201117,000000,65.1900000,65.7200000,64.4500000,64.5200000,266891
20201118,000000,64.3200000,64.3200000,61.5000000,61.5600000,372770
20201119,000000,60.8200000,61.4800000,60.4300000,61.4000000,511263
20201120,000000,62.0400000,62.3800000,61.1300000,61.6400000,438446
20201123,000000,60.8900000,61.2100000,58.5850000,58.6800000,666131
20201124,000000,57.4200000,57.7000000,56.5600000,56.8600000,846684
20201125,000000,57.6700000,58.1300000,57.3200000,57.7900000,654162
20201127,000000,57.0400000,58.6200000,56.7800000,58.5200000,338937
20201130,000000,57.9400000,58.8900000,57.4700000,58.8500000,635923
20201201,000000,59.6800000,60.3500000,58.5100000,60.2000000,638078
20201202,000000,60.0700000,60.5500000,59.5900000,59.9700000,635690
20201203,000000,60.0800000,60.6000000,59.2200000,59.5200000,378251
20201204,000000,59.4000000,59.8300000,59.0200000,59.4500000,363843
20201207,000000,59.6600000,62.1150000,59.5900000,61.4500000,501818
20201208,000000,61.9600000,61.9900000,61.0200000,61.5100000,261333
20201209,000000,61.1100000,61.2900000,59.6600000,59.9800000,345239
20201210,000000,59.7300000,60.4300000,59.1000000,59.1900000,362676
20201211,000000,59.0300000,59.7200000,58.5800000,58.8900000,245198
20201214,000000,58.8700000,59.3900000,57.5300000,57.5500000,352790
20201215,000000,58.6000000,59.4900000,58.2550000,59.0500000,341847
20201216,000000,59.4800000,60.4000000,59.0300000,60.2500000,322988
20201217,000000,61.1900000,62.2900000,61.0600000,61.6400000,473397
20201218,000000,61.6400000,61.6400000,60.4900000,60.4900000,262208
20201221,000000,60.5500000,61.2300000,60.0300000,60.7200000,285727
20201222,000000,60.8100000,61.0000000,59.1500000,59.4000000,267656
20201223,000000,59.6900000,60.3000000,59.5900000,59.7900000,186846
20201224,000000,59.6700000,60.5500000,59.5800000,60.4900000,128508
20201228,000000,61.2800000,61.6200000,59.7500000,59.8200000,210130
20201229,000000,60.1900000,60.5400000,59.5800000,59.7300000,216407
20201230,000000,59.8600000,60.4100000,59.5600000,60.4100000,172230
20201231,000000,60.5000000,60.5300000,59.4300000,59.9000000,222653
20210104,000000,61.9000000,63.3900000,61.7000000,63.1500000,665455
20210105,000000,63.7100000,63.7300000,62.3600000,63.4200000,338645
20210106,000000,62.7700000,65.4000000,62.7100000,65.2500000,747411
20210107,000000,65.0000000,65.7700000,64.2600000,65.1400000,325187
20210108,000000,64.0300000,64.1900000,61.7400000,62.7900000,653046
20210111,000000,61.5900000,62.7100000,61.4300000,61.9500000,297153
20210112,000000,62.0800000,62.6900000,61.4600000,62.4800000,246450
20210113,000000,62.4600000,63.2600000,62.0600000,62.0900000,317099
20210114,000000,62.7300000,63.6700000,62.1200000,63.3400000,334717
20210115,000000,62.7100000,63.4000000,61.7900000,61.8600000,303569
20210119,000000,62.4700000,62.5900000,61.4200000,61.8500000,270504
20210120,000000,62.6900000,64.0500000,62.0000000,63.5100000,327933
20210121,000000,63.8100000,63.8800000,62.1100000,62.3100000,396195
20210122,000000,61.1500000,62.3500000,60.4000000,61.7700000,217115
20210125,000000,62.0100000,62.3700000,60.6400000,61.6500000,272244
20210126,000000,61.5000000,62.4200000,61.4400000,61.4600000,260560
20210127,000000,60.8200000,60.8200000,58.6700000,58.8900000,480075
